c 60 msec
p min 49 520
n 18 -769176
n 19 14244
n 20 14244
n 21 14244
n 22 14244
n 24 7122
n 25 7122
n 27 21366
n 28 21366
n 29 21366
n 30 21366
n 31 21366
n 32 21366
n 34 21366
n 35 21366
n 37 49854
n 38 49854
n 39 49854
n 40 49854
n 42 42732
n 43 49854
n 44 28488
n 45 49854
n 46 142440
n 47 7122
n 48 7122
a 1 5 0 769176 27179
a 1 9 0 769176 102187
a 1 43 0 769176 44291
a 1 4 0 769176 25706
a 1 3 0 769176 25706
a 1 2 0 769176 30872
a 2 5 0 769176 28444
a 2 21 0 769176 123704
a 2 40 0 769176 126358
a 2 4 0 769176 25706
a 2 3 0 769176 25706
a 1 2 0 769176 86224
a 3 5 0 769176 27757
a 3 33 0 769176 126358
a 3 17 0 769176 57601
a 3 4 0 769176 25706
a 2 3 0 769176 45603
a 1 3 0 769176 77539
a 4 15 0 769176 74316
a 4 5 0 769176 27870
a 4 28 0 769176 111244
a 3 4 0 769176 43708
a 2 4 0 769176 108907
a 1 4 0 769176 71226
a 4 5 0 769176 25706
a 3 5 0 769176 25706
a 2 5 0 769176 25706
a 1 5 0 769176 25706
a 6 8 0 769176 26794
a 6 21 0 769176 88074
a 6 11 0 769176 146606
a 6 7 0 769176 88367
a 7 8 0 769176 27271
a 7 38 0 769176 173747
a 7 30 0 769176 75910
a 6 7 0 769176 26450
a 7 8 0 769176 25706
a 6 8 0 769176 25881
a 9 13 0 769176 26135
a 9 26 0 769176 76517
a 9 12 0 769176 38480
a 9 11 0 769176 60099
a 9 10 0 769176 25706
a 1 9 0 769176 142766
a 10 13 0 769176 26775
a 10 15 0 769176 67365
a 10 36 0 769176 68719
a 10 18 0 769176 63124
a 10 12 0 769176 25706
a 10 11 0 769176 61389
a 9 10 0 769176 89964
a 11 12 0 769176 27984
a 11 13 0 769176 26605
a 11 29 0 769176 75308
a 10 11 0 769176 97420
a 9 11 0 769176 86453
a 6 11 0 769176 44057
a 11 12 0 769176 41890
a 12 39 0 769176 529683
a 12 13 0 769176 29990
a 12 32 0 769176 56993
a 12 22 0 769176 69545
a 10 12 0 769176 163025
a 9 12 0 769176 146606
a 12 13 0 769176 25978
a 11 13 0 769176 26146
a 10 13 0 769176 25783
a 9 13 0 769176 26453
a 14 36 0 769176 62003
a 14 16 0 769176 25841
a 14 32 0 769176 75009
a 14 39 0 769176 92814
a 14 15 0 769176 40149
a 15 48 0 769176 50009
a 4 15 0 769176 137559
a 15 43 0 769176 46551
a 15 16 0 769176 25706
a 14 15 0 769176 40149
a 10 15 0 769176 97808
a 15 16 0 769176 26962
a 14 16 0 769176 27701
a 17 19 0 769176 25893
a 17 40 0 769176 46520
a 17 18 0 769176 45785
a 3 17 0 769176 62707
a 18 19 0 769176 25706
a 18 35 0 769176 48281
a 18 46 0 769176 34329
a 17 18 0 769176 68174
a 10 18 0 769176 216851
a 18 19 0 769176 26527
a 17 19 0 769176 27625
a 20 24 0 769176 26685
a 20 41 0 769176 82639
a 20 23 0 769176 25706
a 20 22 0 769176 32641
a 20 21 0 769176 36880
a 21 24 0 769176 26476
a 21 23 0 769176 36105
a 21 22 0 769176 43017
a 20 21 0 769176 37671
a 6 21 0 769176 66301
a 2 21 0 769176 117621
a 22 24 0 769176 25706
a 22 23 0 769176 33298
a 21 22 0 769176 35914
a 20 22 0 769176 31618
a 12 22 0 769176 135027
a 23 24 0 769176 26866
a 23 28 0 769176 102187
a 22 23 0 769176 39989
a 21 23 0 769176 37671
a 20 23 0 769176 54046
a 23 24 0 769176 25706
a 22 24 0 769176 26324
a 21 24 0 769176 26317
a 20 24 0 769176 25811
a 25 26 0 769176 35066
a 25 48 0 769176 25706
a 25 49 0 769176 25706
a 25 27 0 769176 28646
a 25 31 0 769176 758666
a 25 26 0 769176 36394
a 26 48 0 769176 29549
a 26 49 0 769176 32902
a 26 27 0 769176 25706
a 9 26 0 769176 105634
a 27 48 0 769176 25993
a 27 49 0 769176 26367
a 26 27 0 769176 26753
a 25 27 0 769176 26429
a 28 34 0 769176 25811
a 28 44 0 769176 90503
a 28 33 0 769176 37671
a 28 32 0 769176 38480
a 28 31 0 769176 57965
a 28 30 0 769176 40149
a 28 29 0 769176 48926
a 23 28 0 769176 100040
a 4 28 0 769176 108907
a 29 34 0 769176 26164
a 29 38 0 769176 59288
a 29 47 0 769176 51748
a 29 33 0 769176 48603
a 29 32 0 769176 25706
a 29 31 0 769176 81469
a 29 30 0 769176 28585
a 28 29 0 769176 49646
a 11 29 0 769176 78367
a 30 34 0 769176 26612
a 30 41 0 769176 60701
a 30 44 0 769176 56391
a 30 33 0 769176 36880
a 30 32 0 769176 36345
a 30 31 0 769176 43232
a 29 30 0 769176 33165
a 28 30 0 769176 36880
a 7 30 0 769176 99775
a 31 34 0 769176 26093
a 31 45 0 769176 65797
a 31 33 0 769176 40162
a 31 32 0 769176 38697
a 30 31 0 769176 45377
a 29 31 0 769176 71202
a 28 31 0 769176 83882
a 25 31 0 769176 118129
a 32 34 0 769176 27068
a 32 47 0 769176 89964
a 32 33 0 769176 41890
a 31 32 0 769176 75885
a 30 32 0 769176 36442
a 29 32 0 769176 33165
a 28 32 0 769176 39883
a 14 32 0 769176 118561
a 12 32 0 769176 51937
a 33 34 0 769176 25706
a 33 45 0 769176 65080
a 32 33 0 769176 35346
a 31 33 0 769176 31776
a 30 33 0 769176 40149
a 29 33 0 769176 57296
a 28 33 0 769176 37671
a 3 33 0 769176 68265
a 33 34 0 769176 25934
a 32 34 0 769176 25951
a 31 34 0 769176 26022
a 30 34 0 769176 26322
a 29 34 0 769176 26255
a 28 34 0 769176 26848
a 35 38 0 769176 173747
a 35 37 0 769176 27298
a 35 46 0 769176 32630
a 35 36 0 769176 34656
a 18 35 0 769176 66831
a 14 36 0 769176 55832
a 36 49 0 769176 74959
a 36 37 0 769176 26040
a 35 36 0 769176 53254
a 10 36 0 769176 155627
a 36 37 0 769176 26757
a 35 37 0 769176 27042
a 35 38 0 769176 419916
a 38 42 0 769176 27439
a 38 47 0 769176 40956
a 38 41 0 769176 43708
a 38 40 0 769176 55206
a 38 39 0 769176 76822
a 29 38 0 769176 112768
a 7 38 0 769176 49778
a 12 39 0 769176 107187
a 39 42 0 769176 26378
a 39 47 0 769176 42281
a 39 44 0 769176 80581
a 39 41 0 769176 52422
a 39 40 0 769176 60822
a 38 39 0 769176 58138
a 14 39 0 769176 176888
a 40 42 0 769176 26425
a 40 45 0 769176 47740
a 40 41 0 769176 64052
a 39 40 0 769176 75009
a 38 40 0 769176 100040
a 17 40 0 769176 265666
a 2 40 0 769176 149752
a 41 42 0 769176 25706
a 41 47 0 769176 33877
a 40 41 0 769176 58837
a 39 41 0 769176 48026
a 38 41 0 769176 61389
a 30 41 0 769176 38098
a 20 41 0 769176 72754
a 41 42 0 769176 26040
a 40 42 0 769176 27086
a 39 42 0 769176 26812
a 38 42 0 769176 27523
a 15 43 0 769176 125440
a 1 43 0 769176 204824
a 39 44 0 769176 109342
a 30 44 0 769176 47582
a 28 44 0 769176 89428
a 40 45 0 769176 119906
a 33 45 0 769176 62707
a 31 45 0 769176 174846
a 35 46 0 769176 101680
a 18 46 0 769176 251265
a 41 47 0 769176 28585
a 39 47 0 769176 31119
a 38 47 0 769176 126358
a 32 47 0 769176 49646
a 29 47 0 769176 66367
a 48 49 0 769176 27396
a 26 48 0 769176 30465
a 25 48 0 769176 33877
a 27 48 0 769176 26318
a 15 48 0 769176 74464
a 48 49 0 769176 30465
a 26 49 0 769176 33165
a 25 49 0 769176 35346
a 27 49 0 769176 26353
a 36 49 0 769176 84356
a 5 1 0 769176 27179
a 9 1 0 769176 102187
a 43 1 0 769176 44291
a 4 1 0 769176 25706
a 3 1 0 769176 25706
a 2 1 0 769176 30872
a 5 2 0 769176 28444
a 21 2 0 769176 123704
a 40 2 0 769176 126358
a 4 2 0 769176 25706
a 3 2 0 769176 25706
a 2 1 0 769176 86224
a 5 3 0 769176 27757
a 33 3 0 769176 126358
a 17 3 0 769176 57601
a 4 3 0 769176 25706
a 3 2 0 769176 45603
a 3 1 0 769176 77539
a 15 4 0 769176 74316
a 5 4 0 769176 27870
a 28 4 0 769176 111244
a 4 3 0 769176 43708
a 4 2 0 769176 108907
a 4 1 0 769176 71226
a 5 4 0 769176 25706
a 5 3 0 769176 25706
a 5 2 0 769176 25706
a 5 1 0 769176 25706
a 8 6 0 769176 26794
a 21 6 0 769176 88074
a 11 6 0 769176 146606
a 7 6 0 769176 88367
a 8 7 0 769176 27271
a 38 7 0 769176 173747
a 30 7 0 769176 75910
a 7 6 0 769176 26450
a 8 7 0 769176 25706
a 8 6 0 769176 25881
a 13 9 0 769176 26135
a 26 9 0 769176 76517
a 12 9 0 769176 38480
a 11 9 0 769176 60099
a 10 9 0 769176 25706
a 9 1 0 769176 142766
a 13 10 0 769176 26775
a 15 10 0 769176 67365
a 36 10 0 769176 68719
a 18 10 0 769176 63124
a 12 10 0 769176 25706
a 11 10 0 769176 61389
a 10 9 0 769176 89964
a 12 11 0 769176 27984
a 13 11 0 769176 26605
a 29 11 0 769176 75308
a 11 10 0 769176 97420
a 11 9 0 769176 86453
a 11 6 0 769176 44057
a 12 11 0 769176 41890
a 39 12 0 769176 529683
a 13 12 0 769176 29990
a 32 12 0 769176 56993
a 22 12 0 769176 69545
a 12 10 0 769176 163025
a 12 9 0 769176 146606
a 13 12 0 769176 25978
a 13 11 0 769176 26146
a 13 10 0 769176 25783
a 13 9 0 769176 26453
a 36 14 0 769176 62003
a 16 14 0 769176 25841
a 32 14 0 769176 75009
a 39 14 0 769176 92814
a 15 14 0 769176 40149
a 48 15 0 769176 50009
a 15 4 0 769176 137559
a 43 15 0 769176 46551
a 16 15 0 769176 25706
a 15 14 0 769176 40149
a 15 10 0 769176 97808
a 16 15 0 769176 26962
a 16 14 0 769176 27701
a 19 17 0 769176 25893
a 40 17 0 769176 46520
a 18 17 0 769176 45785
a 17 3 0 769176 62707
a 19 18 0 769176 25706
a 35 18 0 769176 48281
a 46 18 0 769176 34329
a 18 17 0 769176 68174
a 18 10 0 769176 216851
a 19 18 0 769176 26527
a 19 17 0 769176 27625
a 24 20 0 769176 26685
a 41 20 0 769176 82639
a 23 20 0 769176 25706
a 22 20 0 769176 32641
a 21 20 0 769176 36880
a 24 21 0 769176 26476
a 23 21 0 769176 36105
a 22 21 0 769176 43017
a 21 20 0 769176 37671
a 21 6 0 769176 66301
a 21 2 0 769176 117621
a 24 22 0 769176 25706
a 23 22 0 769176 33298
a 22 21 0 769176 35914
a 22 20 0 769176 31618
a 22 12 0 769176 135027
a 24 23 0 769176 26866
a 28 23 0 769176 102187
a 23 22 0 769176 39989
a 23 21 0 769176 37671
a 23 20 0 769176 54046
a 24 23 0 769176 25706
a 24 22 0 769176 26324
a 24 21 0 769176 26317
a 24 20 0 769176 25811
a 26 25 0 769176 35066
a 48 25 0 769176 25706
a 49 25 0 769176 25706
a 27 25 0 769176 28646
a 31 25 0 769176 758666
a 26 25 0 769176 36394
a 48 26 0 769176 29549
a 49 26 0 769176 32902
a 27 26 0 769176 25706
a 26 9 0 769176 105634
a 48 27 0 769176 25993
a 49 27 0 769176 26367
a 27 26 0 769176 26753
a 27 25 0 769176 26429
a 34 28 0 769176 25811
a 44 28 0 769176 90503
a 33 28 0 769176 37671
a 32 28 0 769176 38480
a 31 28 0 769176 57965
a 30 28 0 769176 40149
a 29 28 0 769176 48926
a 28 23 0 769176 100040
a 28 4 0 769176 108907
a 34 29 0 769176 26164
a 38 29 0 769176 59288
a 47 29 0 769176 51748
a 33 29 0 769176 48603
a 32 29 0 769176 25706
a 31 29 0 769176 81469
a 30 29 0 769176 28585
a 29 28 0 769176 49646
a 29 11 0 769176 78367
a 34 30 0 769176 26612
a 41 30 0 769176 60701
a 44 30 0 769176 56391
a 33 30 0 769176 36880
a 32 30 0 769176 36345
a 31 30 0 769176 43232
a 30 29 0 769176 33165
a 30 28 0 769176 36880
a 30 7 0 769176 99775
a 34 31 0 769176 26093
a 45 31 0 769176 65797
a 33 31 0 769176 40162
a 32 31 0 769176 38697
a 31 30 0 769176 45377
a 31 29 0 769176 71202
a 31 28 0 769176 83882
a 31 25 0 769176 118129
a 34 32 0 769176 27068
a 47 32 0 769176 89964
a 33 32 0 769176 41890
a 32 31 0 769176 75885
a 32 30 0 769176 36442
a 32 29 0 769176 33165
a 32 28 0 769176 39883
a 32 14 0 769176 118561
a 32 12 0 769176 51937
a 34 33 0 769176 25706
a 45 33 0 769176 65080
a 33 32 0 769176 35346
a 33 31 0 769176 31776
a 33 30 0 769176 40149
a 33 29 0 769176 57296
a 33 28 0 769176 37671
a 33 3 0 769176 68265
a 34 33 0 769176 25934
a 34 32 0 769176 25951
a 34 31 0 769176 26022
a 34 30 0 769176 26322
a 34 29 0 769176 26255
a 34 28 0 769176 26848
a 38 35 0 769176 173747
a 37 35 0 769176 27298
a 46 35 0 769176 32630
a 36 35 0 769176 34656
a 35 18 0 769176 66831
a 36 14 0 769176 55832
a 49 36 0 769176 74959
a 37 36 0 769176 26040
a 36 35 0 769176 53254
a 36 10 0 769176 155627
a 37 36 0 769176 26757
a 37 35 0 769176 27042
a 38 35 0 769176 419916
a 42 38 0 769176 27439
a 47 38 0 769176 40956
a 41 38 0 769176 43708
a 40 38 0 769176 55206
a 39 38 0 769176 76822
a 38 29 0 769176 112768
a 38 7 0 769176 49778
a 39 12 0 769176 107187
a 42 39 0 769176 26378
a 47 39 0 769176 42281
a 44 39 0 769176 80581
a 41 39 0 769176 52422
a 40 39 0 769176 60822
a 39 38 0 769176 58138
a 39 14 0 769176 176888
a 42 40 0 769176 26425
a 45 40 0 769176 47740
a 41 40 0 769176 64052
a 40 39 0 769176 75009
a 40 38 0 769176 100040
a 40 17 0 769176 265666
a 40 2 0 769176 149752
a 42 41 0 769176 25706
a 47 41 0 769176 33877
a 41 40 0 769176 58837
a 41 39 0 769176 48026
a 41 38 0 769176 61389
a 41 30 0 769176 38098
a 41 20 0 769176 72754
a 42 41 0 769176 26040
a 42 40 0 769176 27086
a 42 39 0 769176 26812
a 42 38 0 769176 27523
a 43 15 0 769176 125440
a 43 1 0 769176 204824
a 44 39 0 769176 109342
a 44 30 0 769176 47582
a 44 28 0 769176 89428
a 45 40 0 769176 119906
a 45 33 0 769176 62707
a 45 31 0 769176 174846
a 46 35 0 769176 101680
a 46 18 0 769176 251265
a 47 41 0 769176 28585
a 47 39 0 769176 31119
a 47 38 0 769176 126358
a 47 32 0 769176 49646
a 47 29 0 769176 66367
a 49 48 0 769176 27396
a 48 26 0 769176 30465
a 48 25 0 769176 33877
a 48 27 0 769176 26318
a 48 15 0 769176 74464
a 49 48 0 769176 30465
a 49 26 0 769176 33165
a 49 25 0 769176 35346
a 49 27 0 769176 26353
a 49 36 0 769176 84356

