c 15100 msec
p min 49 520
n 5 -769158
n 6 118332
n 12 72314
n 15 26296
n 18 32870
n 23 59166
n 26 78888
n 33 118332
n 36 59166
n 41 59166
n 42 39444
n 43 46018
n 44 32870
n 45 19722
n 46 6574
a 1 5 0 769158 46
a 1 9 0 475125 96837
a 1 43 0 475125 115009
a 1 4 0 475125 185
a 1 3 0 475125 210
a 1 2 0 475125 228
a 2 5 0 769158 50
a 2 21 0 475125 399531
a 2 40 0 475125 346227
a 2 4 0 475125 255
a 2 3 0 475125 247
a 1 2 0 475125 284
a 3 5 0 769158 45
a 3 33 0 475125 354442
a 3 17 0 475125 147302
a 3 4 0 475125 177
a 2 3 0 475125 278
a 1 3 0 475125 230
a 4 15 0 475125 113568
a 4 5 0 769158 45
a 4 28 0 475125 340239
a 3 4 0 475125 259
a 2 4 0 475125 238
a 1 4 0 475125 207
a 4 5 0 769158 45
a 3 5 0 769158 45
a 2 5 0 769158 50
a 1 5 0 769158 47
a 6 8 0 769158 38
a 6 21 0 475125 19740
a 6 11 0 475125 353713
a 6 7 0 769158 258
a 7 8 0 769158 42
a 7 38 0 475125 64260
a 7 30 0 475125 66119
a 6 7 0 769158 191
a 7 8 0 769158 42
a 6 8 0 769158 38
a 9 13 0 769158 51
a 9 26 0 475125 446113
a 9 12 0 475125 576
a 9 11 0 475125 370
a 9 10 0 475125 222
a 1 9 0 475125 97970
a 10 13 0 769158 59
a 10 15 0 475125 129098
a 10 36 0 475125 280493
a 10 18 0 475125 171674
a 10 12 0 475125 565
a 10 11 0 475125 300
a 9 10 0 475125 289
a 11 12 0 475125 268
a 11 13 0 769158 57
a 11 29 0 475125 321051
a 10 11 0 475125 360
a 9 11 0 475125 260
a 6 11 0 475125 365857
a 11 12 0 475125 292
a 12 39 0 475125 315524
a 12 13 0 769158 71
a 12 32 0 475125 318684
a 12 22 0 475125 382365
a 10 12 0 475125 379
a 9 12 0 475125 363
a 12 13 0 769158 72
a 11 13 0 769158 58
a 10 13 0 769158 60
a 9 13 0 769158 51
a 14 36 0 475125 154742
a 14 16 0 769158 43
a 14 32 0 475125 444248
a 14 39 0 475125 445923
a 14 15 0 769158 280
a 15 48 0 475125 322338
a 4 15 0 475125 112036
a 15 43 0 475125 26589
a 15 16 0 769158 43
a 14 15 0 769158 262
a 10 15 0 475125 131434
a 15 16 0 769158 44
a 14 16 0 769158 44
a 17 19 0 769158 50
a 17 40 0 475125 494477
a 17 18 0 769158 302
a 3 17 0 475125 150297
a 18 19 0 769158 45
a 18 35 0 475125 114317
a 18 46 0 475125 115373
a 17 18 0 769158 224
a 10 18 0 475125 170568
a 18 19 0 769158 47
a 17 19 0 769158 51
a 20 24 0 769158 36
a 20 41 0 475125 75106
a 20 23 0 475125 102
a 20 22 0 475125 216
a 20 21 0 475125 216
a 21 24 0 769158 38
a 21 23 0 475125 232
a 21 22 0 475125 276
a 20 21 0 475125 173
a 6 21 0 475125 19739
a 2 21 0 475125 404202
a 22 24 0 769158 35
a 22 23 0 475125 248
a 21 22 0 475125 200
a 20 22 0 475125 238
a 12 22 0 475125 382055
a 23 24 0 769158 36
a 23 28 0 475125 76606
a 22 23 0 475125 375
a 21 23 0 475125 145
a 20 23 0 475125 135
a 23 24 0 769158 37
a 22 24 0 769158 36
a 21 24 0 769158 38
a 20 24 0 769158 37
a 25 26 0 475125 110
a 25 48 0 475125 90
a 25 49 0 475125 95
a 25 27 0 769158 40
a 25 31 0 475125 747307
a 25 26 0 475125 97
a 26 48 0 475125 187
a 26 49 0 475125 123
a 26 27 0 769158 36
a 9 26 0 475125 445002
a 27 48 0 769158 37
a 27 49 0 769158 36
a 26 27 0 769158 37
a 25 27 0 769158 39
a 28 34 0 769158 41
a 28 44 0 475125 39775
a 28 33 0 475125 207
a 28 32 0 475125 534
a 28 31 0 475125 297
a 28 30 0 475125 235
a 28 29 0 475125 277
a 23 28 0 475125 76796
a 4 28 0 475125 370402
a 29 34 0 769158 39
a 29 38 0 475125 6460
a 29 47 0 475125 5789
a 29 33 0 475125 287
a 29 32 0 475125 108
a 29 31 0 475125 782
a 29 30 0 475125 212
a 28 29 0 475125 176
a 11 29 0 475125 319908
a 30 34 0 769158 42
a 30 41 0 475125 6371
a 30 44 0 475125 37181
a 30 33 0 475125 225
a 30 32 0 475125 296
a 30 31 0 475125 701
a 29 30 0 475125 218
a 28 30 0 475125 257
a 7 30 0 475125 68330
a 31 34 0 769158 38
a 31 45 0 475125 31322
a 31 33 0 475125 237
a 31 32 0 475125 479
a 30 31 0 475125 249
a 29 31 0 475125 206
a 28 31 0 475125 229
a 25 31 0 475125 758666
a 32 34 0 769158 46
a 32 47 0 475125 6244
a 32 33 0 475125 429
a 31 32 0 475125 296
a 30 32 0 475125 249
a 29 32 0 475125 123
a 28 32 0 475125 278
a 14 32 0 475125 488295
a 12 32 0 475125 317134
a 33 34 0 769158 37
a 33 45 0 475125 31318
a 32 33 0 475125 256
a 31 33 0 475125 197
a 30 33 0 475125 271
a 29 33 0 475125 178
a 28 33 0 475125 251
a 3 33 0 475125 345300
a 33 34 0 769158 37
a 32 34 0 769158 47
a 31 34 0 769158 39
a 30 34 0 769158 42
a 29 34 0 769158 39
a 28 34 0 769158 41
a 35 38 0 475125 586121
a 35 37 0 769158 47
a 35 46 0 475125 7756
a 35 36 0 769158 337
a 18 35 0 475125 120980
a 14 36 0 475125 163004
a 36 49 0 475125 170222
a 36 37 0 769158 48
a 35 36 0 769158 338
a 10 36 0 475125 280669
a 36 37 0 769158 49
a 35 37 0 769158 47
a 35 38 0 475125 583062
a 38 42 0 769158 44
a 38 47 0 475125 1381
a 38 41 0 475125 316
a 38 40 0 475125 634
a 38 39 0 475125 862
a 29 38 0 475125 6991
a 7 38 0 475125 63086
a 12 39 0 475125 324496
a 39 42 0 769158 48
a 39 47 0 475125 1368
a 39 44 0 475125 38726
a 39 41 0 475125 322
a 39 40 0 475125 479
a 38 39 0 475125 278
a 14 39 0 475125 434575
a 40 42 0 769158 55
a 40 45 0 475125 36273
a 40 41 0 475125 445
a 39 40 0 475125 396
a 38 40 0 475125 322
a 17 40 0 475125 473310
a 2 40 0 475125 372900
a 41 42 0 769158 44
a 41 47 0 475125 1396
a 40 41 0 475125 304
a 39 41 0 475125 326
a 38 41 0 475125 315
a 30 41 0 475125 7597
a 20 41 0 475125 74190
a 41 42 0 769158 44
a 40 42 0 769158 55
a 39 42 0 769158 48
a 38 42 0 769158 46
a 15 43 0 475125 26862
a 1 43 0 475125 114803
a 39 44 0 475125 39060
a 30 44 0 475125 36905
a 28 44 0 475125 37590
a 40 45 0 475125 35639
a 33 45 0 475125 32012
a 31 45 0 475125 34353
a 35 46 0 475125 7733
a 18 46 0 475125 123074
a 41 47 0 475125 1393
a 39 47 0 475125 1370
a 38 47 0 475125 1372
a 32 47 0 475125 5676
a 29 47 0 475125 5650
a 48 49 0 475125 92
a 26 48 0 475125 101
a 25 48 0 475125 81
a 27 48 0 769158 37
a 15 48 0 475125 332089
a 48 49 0 475125 90
a 26 49 0 475125 96
a 25 49 0 475125 95
a 27 49 0 769158 36
a 36 49 0 475125 173195
a 5 1 0 769158 46
a 9 1 0 475125 96837
a 43 1 0 475125 115009
a 4 1 0 475125 185
a 3 1 0 475125 210
a 2 1 0 475125 228
a 5 2 0 769158 50
a 21 2 0 475125 399531
a 40 2 0 475125 346227
a 4 2 0 475125 255
a 3 2 0 475125 247
a 2 1 0 475125 284
a 5 3 0 769158 45
a 33 3 0 475125 354442
a 17 3 0 475125 147302
a 4 3 0 475125 177
a 3 2 0 475125 278
a 3 1 0 475125 230
a 15 4 0 475125 113568
a 5 4 0 769158 45
a 28 4 0 475125 340239
a 4 3 0 475125 259
a 4 2 0 475125 238
a 4 1 0 475125 207
a 5 4 0 769158 45
a 5 3 0 769158 45
a 5 2 0 769158 50
a 5 1 0 769158 47
a 8 6 0 769158 38
a 21 6 0 475125 19740
a 11 6 0 475125 353713
a 7 6 0 769158 258
a 8 7 0 769158 42
a 38 7 0 475125 64260
a 30 7 0 475125 66119
a 7 6 0 769158 191
a 8 7 0 769158 42
a 8 6 0 769158 38
a 13 9 0 769158 51
a 26 9 0 475125 446113
a 12 9 0 475125 576
a 11 9 0 475125 370
a 10 9 0 475125 222
a 9 1 0 475125 97970
a 13 10 0 769158 59
a 15 10 0 475125 129098
a 36 10 0 475125 280493
a 18 10 0 475125 171674
a 12 10 0 475125 565
a 11 10 0 475125 300
a 10 9 0 475125 289
a 12 11 0 475125 268
a 13 11 0 769158 57
a 29 11 0 475125 321051
a 11 10 0 475125 360
a 11 9 0 475125 260
a 11 6 0 475125 365857
a 12 11 0 475125 292
a 39 12 0 475125 315524
a 13 12 0 769158 71
a 32 12 0 475125 318684
a 22 12 0 475125 382365
a 12 10 0 475125 379
a 12 9 0 475125 363
a 13 12 0 769158 72
a 13 11 0 769158 58
a 13 10 0 769158 60
a 13 9 0 769158 51
a 36 14 0 475125 154742
a 16 14 0 769158 43
a 32 14 0 475125 444248
a 39 14 0 475125 445923
a 15 14 0 769158 280
a 48 15 0 475125 322338
a 15 4 0 475125 112036
a 43 15 0 475125 26589
a 16 15 0 769158 43
a 15 14 0 769158 262
a 15 10 0 475125 131434
a 16 15 0 769158 44
a 16 14 0 769158 44
a 19 17 0 769158 50
a 40 17 0 475125 494477
a 18 17 0 769158 302
a 17 3 0 475125 150297
a 19 18 0 769158 45
a 35 18 0 475125 114317
a 46 18 0 475125 115373
a 18 17 0 769158 224
a 18 10 0 475125 170568
a 19 18 0 769158 47
a 19 17 0 769158 51
a 24 20 0 769158 36
a 41 20 0 475125 75106
a 23 20 0 475125 102
a 22 20 0 475125 216
a 21 20 0 475125 216
a 24 21 0 769158 38
a 23 21 0 475125 232
a 22 21 0 475125 276
a 21 20 0 475125 173
a 21 6 0 475125 19739
a 21 2 0 475125 404202
a 24 22 0 769158 35
a 23 22 0 475125 248
a 22 21 0 475125 200
a 22 20 0 475125 238
a 22 12 0 475125 382055
a 24 23 0 769158 36
a 28 23 0 475125 76606
a 23 22 0 475125 375
a 23 21 0 475125 145
a 23 20 0 475125 135
a 24 23 0 769158 37
a 24 22 0 769158 36
a 24 21 0 769158 38
a 24 20 0 769158 37
a 26 25 0 475125 110
a 48 25 0 475125 90
a 49 25 0 475125 95
a 27 25 0 769158 40
a 31 25 0 475125 747307
a 26 25 0 475125 97
a 48 26 0 475125 187
a 49 26 0 475125 123
a 27 26 0 769158 36
a 26 9 0 475125 445002
a 48 27 0 769158 37
a 49 27 0 769158 36
a 27 26 0 769158 37
a 27 25 0 769158 39
a 34 28 0 769158 41
a 44 28 0 475125 39775
a 33 28 0 475125 207
a 32 28 0 475125 534
a 31 28 0 475125 297
a 30 28 0 475125 235
a 29 28 0 475125 277
a 28 23 0 475125 76796
a 28 4 0 475125 370402
a 34 29 0 769158 39
a 38 29 0 475125 6460
a 47 29 0 475125 5789
a 33 29 0 475125 287
a 32 29 0 475125 108
a 31 29 0 475125 782
a 30 29 0 475125 212
a 29 28 0 475125 176
a 29 11 0 475125 319908
a 34 30 0 769158 42
a 41 30 0 475125 6371
a 44 30 0 475125 37181
a 33 30 0 475125 225
a 32 30 0 475125 296
a 31 30 0 475125 701
a 30 29 0 475125 218
a 30 28 0 475125 257
a 30 7 0 475125 68330
a 34 31 0 769158 38
a 45 31 0 475125 31322
a 33 31 0 475125 237
a 32 31 0 475125 479
a 31 30 0 475125 249
a 31 29 0 475125 206
a 31 28 0 475125 229
a 31 25 0 475125 758666
a 34 32 0 769158 46
a 47 32 0 475125 6244
a 33 32 0 475125 429
a 32 31 0 475125 296
a 32 30 0 475125 249
a 32 29 0 475125 123
a 32 28 0 475125 278
a 32 14 0 475125 488295
a 32 12 0 475125 317134
a 34 33 0 769158 37
a 45 33 0 475125 31318
a 33 32 0 475125 256
a 33 31 0 475125 197
a 33 30 0 475125 271
a 33 29 0 475125 178
a 33 28 0 475125 251
a 33 3 0 475125 345300
a 34 33 0 769158 37
a 34 32 0 769158 47
a 34 31 0 769158 39
a 34 30 0 769158 42
a 34 29 0 769158 39
a 34 28 0 769158 41
a 38 35 0 475125 586121
a 37 35 0 769158 47
a 46 35 0 475125 7756
a 36 35 0 769158 337
a 35 18 0 475125 120980
a 36 14 0 475125 163004
a 49 36 0 475125 170222
a 37 36 0 769158 48
a 36 35 0 769158 338
a 36 10 0 475125 280669
a 37 36 0 769158 49
a 37 35 0 769158 47
a 38 35 0 475125 583062
a 42 38 0 769158 44
a 47 38 0 475125 1381
a 41 38 0 475125 316
a 40 38 0 475125 634
a 39 38 0 475125 862
a 38 29 0 475125 6991
a 38 7 0 475125 63086
a 39 12 0 475125 324496
a 42 39 0 769158 48
a 47 39 0 475125 1368
a 44 39 0 475125 38726
a 41 39 0 475125 322
a 40 39 0 475125 479
a 39 38 0 475125 278
a 39 14 0 475125 434575
a 42 40 0 769158 55
a 45 40 0 475125 36273
a 41 40 0 475125 445
a 40 39 0 475125 396
a 40 38 0 475125 322
a 40 17 0 475125 473310
a 40 2 0 475125 372900
a 42 41 0 769158 44
a 47 41 0 475125 1396
a 41 40 0 475125 304
a 41 39 0 475125 326
a 41 38 0 475125 315
a 41 30 0 475125 7597
a 41 20 0 475125 74190
a 42 41 0 769158 44
a 42 40 0 769158 55
a 42 39 0 769158 48
a 42 38 0 769158 46
a 43 15 0 475125 26862
a 43 1 0 475125 114803
a 44 39 0 475125 39060
a 44 30 0 475125 36905
a 44 28 0 475125 37590
a 45 40 0 475125 35639
a 45 33 0 475125 32012
a 45 31 0 475125 34353
a 46 35 0 475125 7733
a 46 18 0 475125 123074
a 47 41 0 475125 1393
a 47 39 0 475125 1370
a 47 38 0 475125 1372
a 47 32 0 475125 5676
a 47 29 0 475125 5650
a 49 48 0 475125 92
a 48 26 0 475125 101
a 48 25 0 475125 81
a 48 27 0 769158 37
a 48 15 0 475125 332089
a 49 48 0 475125 90
a 49 26 0 475125 96
a 49 25 0 475125 95
a 49 27 0 769158 36
a 49 36 0 475125 173195

