c 508829 msec
p min 49 520
n 7 -769156
n 8 25985
n 9 25985
n 10 20788
n 11 20788
n 13 10394
n 14 10394
n 16 5197
n 17 5197
n 19 20788
n 20 15591
n 21 15591
n 22 15591
n 24 15591
n 25 10394
n 27 20788
n 28 25985
n 29 25985
n 30 20788
n 31 20788
n 32 20788
n 34 31182
n 35 31182
n 37 36379
n 38 36379
n 39 31182
n 40 36379
n 42 20788
n 43 57167
n 44 62364
n 45 5197
n 46 41576
n 47 10394
n 48 15591
a 1 5 0 769156 1
a 1 9 0 359848 18934
a 1 43 0 359848 25629
a 1 4 0 359848 1
a 1 3 0 359848 1
a 1 2 0 359848 1
a 2 5 0 769156 1
a 2 21 0 359848 412912
a 2 40 0 359848 410549
a 2 4 0 359848 1
a 2 3 0 359848 1
a 1 2 0 359848 1
a 3 5 0 769156 1
a 3 33 0 359848 409490
a 3 17 0 359848 101752
a 3 4 0 359848 1
a 2 3 0 359848 1
a 1 3 0 359848 1
a 4 15 0 359848 26668
a 4 5 0 769156 1
a 4 28 0 359848 409090
a 3 4 0 359848 1
a 2 4 0 359848 1
a 1 4 0 359848 1
a 4 5 0 769156 1
a 3 5 0 769156 1
a 2 5 0 769156 1
a 1 5 0 769156 1
a 6 8 0 769156 1
a 6 21 0 359848 604
a 6 11 0 359848 398363
a 6 7 0 719696 1
a 7 8 0 769156 1
a 7 38 0 359848 6353
a 7 30 0 359848 6332
a 6 7 0 719696 1
a 7 8 0 769156 1
a 6 8 0 769156 1
a 9 13 0 769156 1
a 9 26 0 359848 366486
a 9 12 0 359848 1
a 9 11 0 359848 1
a 9 10 0 359848 1
a 1 9 0 359848 19106
a 10 13 0 769156 1
a 10 15 0 359848 41359
a 10 36 0 359848 153350
a 10 18 0 359848 115319
a 10 12 0 359848 1
a 10 11 0 359848 1
a 9 10 0 359848 1
a 11 12 0 359848 1
a 11 13 0 769156 1
a 11 29 0 359848 406236
a 10 11 0 359848 1
a 9 11 0 359848 1
a 6 11 0 359848 399787
a 11 12 0 359848 1
a 12 39 0 359848 400578
a 12 13 0 769156 1
a 12 32 0 359848 399684
a 12 22 0 359848 399266
a 10 12 0 359848 1
a 9 12 0 359848 1
a 12 13 0 769156 1
a 11 13 0 769156 1
a 10 13 0 769156 1
a 9 13 0 769156 1
a 14 36 0 359848 114105
a 14 16 0 769156 1
a 14 32 0 359848 433395
a 14 39 0 359848 436855
a 14 15 0 719696 1
a 15 48 0 359848 325794
a 4 15 0 359848 26268
a 15 43 0 359848 790
a 15 16 0 769156 1
a 14 15 0 719696 1
a 10 15 0 359848 41424
a 15 16 0 769156 1
a 14 16 0 769156 1
a 17 19 0 769156 1
a 17 40 0 359848 510238
a 17 18 0 719696 1
a 3 17 0 359848 101410
a 18 19 0 769156 1
a 18 35 0 359848 38697
a 18 46 0 359848 38919
a 17 18 0 719696 1
a 10 18 0 359848 115153
a 18 19 0 769156 1
a 17 19 0 769156 1
a 20 24 0 769156 1
a 20 41 0 359848 6862
a 20 23 0 359848 1
a 20 22 0 359848 1
a 20 21 0 359848 1
a 21 24 0 769156 1
a 21 23 0 359848 1
a 21 22 0 359848 1
a 20 21 0 359848 1
a 6 21 0 359848 604
a 2 21 0 359848 413655
a 22 24 0 769156 1
a 22 23 0 359848 1
a 21 22 0 359848 1
a 20 22 0 359848 1
a 12 22 0 359848 398516
a 23 24 0 769156 1
a 23 28 0 359848 6633
a 22 23 0 359848 1
a 21 23 0 359848 1
a 20 23 0 359848 1
a 23 24 0 769156 1
a 22 24 0 769156 1
a 21 24 0 769156 1
a 20 24 0 769156 1
a 25 26 0 359848 1
a 25 48 0 359848 1
a 25 49 0 359848 1
a 25 27 0 769156 1
a 25 31 0 359848 758659
a 25 26 0 359848 1
a 26 48 0 359848 1
a 26 49 0 359848 1
a 26 27 0 769156 1
a 9 26 0 359848 365435
a 27 48 0 769156 1
a 27 49 0 769156 1
a 26 27 0 769156 1
a 25 27 0 769156 1
a 28 34 0 769156 1
a 28 44 0 359848 1475
a 28 33 0 359848 1
a 28 32 0 359848 1
a 28 31 0 359848 1
a 28 30 0 359848 1
a 28 29 0 359848 1
a 23 28 0 359848 6864
a 4 28 0 359848 413792
a 29 34 0 769156 1
a 29 38 0 359848 27
a 29 47 0 359848 27
a 29 33 0 359848 1
a 29 32 0 359848 1
a 29 31 0 359848 1
a 29 30 0 359848 1
a 28 29 0 359848 1
a 11 29 0 359848 401700
a 30 34 0 769156 1
a 30 41 0 359848 28
a 30 44 0 359848 1468
a 30 33 0 359848 1
a 30 32 0 359848 1
a 30 31 0 359848 1
a 29 30 0 359848 1
a 28 30 0 359848 1
a 7 30 0 359848 6409
a 31 34 0 769156 1
a 31 45 0 359848 1017
a 31 33 0 359848 1
a 31 32 0 359848 1
a 30 31 0 359848 1
a 29 31 0 359848 1
a 28 31 0 359848 1
a 25 31 0 359848 758666
a 32 34 0 769156 1
a 32 47 0 359848 27
a 32 33 0 359848 1
a 31 32 0 359848 1
a 30 32 0 359848 1
a 29 32 0 359848 1
a 28 32 0 359848 1
a 14 32 0 359848 434139
a 12 32 0 359848 401192
a 33 34 0 769156 1
a 33 45 0 359848 1005
a 32 33 0 359848 1
a 31 33 0 359848 1
a 30 33 0 359848 1
a 29 33 0 359848 1
a 28 33 0 359848 1
a 3 33 0 359848 412105
a 33 34 0 769156 1
a 32 34 0 769156 1
a 31 34 0 769156 1
a 30 34 0 769156 1
a 29 34 0 769156 1
a 28 34 0 769156 1
a 35 38 0 359848 550166
a 35 37 0 769156 1
a 35 46 0 359848 53
a 35 36 0 719696 1
a 18 35 0 359848 38285
a 14 36 0 359848 113453
a 36 49 0 359848 213998
a 36 37 0 769156 1
a 35 36 0 719696 1
a 10 36 0 359848 153589
a 36 37 0 769156 1
a 35 37 0 769156 1
a 35 38 0 359848 544014
a 38 42 0 769156 1
a 38 47 0 359848 1
a 38 41 0 359848 1
a 38 40 0 359848 1
a 38 39 0 359848 1
a 29 38 0 359848 28
a 7 38 0 359848 6299
a 12 39 0 359848 399728
a 39 42 0 769156 1
a 39 47 0 359848 1
a 39 44 0 359848 1470
a 39 41 0 359848 1
a 39 40 0 359848 1
a 38 39 0 359848 1
a 14 39 0 359848 438246
a 40 42 0 769156 1
a 40 45 0 359848 1036
a 40 41 0 359848 1
a 39 40 0 359848 1
a 38 40 0 359848 1
a 17 40 0 359848 514805
a 2 40 0 359848 413347
a 41 42 0 769156 1
a 41 47 0 359848 1
a 40 41 0 359848 1
a 39 41 0 359848 1
a 38 41 0 359848 1
a 30 41 0 359848 28
a 20 41 0 359848 6747
a 41 42 0 769156 1
a 40 42 0 769156 1
a 39 42 0 769156 1
a 38 42 0 769156 1
a 15 43 0 359848 788
a 1 43 0 359848 25613
a 39 44 0 359848 1472
a 30 44 0 359848 1469
a 28 44 0 359848 1501
a 40 45 0 359848 1033
a 33 45 0 359848 1003
a 31 45 0 359848 1005
a 35 46 0 359848 53
a 18 46 0 359848 40155
a 41 47 0 359848 1
a 39 47 0 359848 1
a 38 47 0 359848 1
a 32 47 0 359848 27
a 29 47 0 359848 28
a 48 49 0 359848 1
a 26 48 0 359848 1
a 25 48 0 359848 1
a 27 48 0 769156 1
a 15 48 0 359848 325351
a 48 49 0 359848 1
a 26 49 0 359848 1
a 25 49 0 359848 1
a 27 49 0 769156 1
a 36 49 0 359848 213104
a 5 1 0 769156 1
a 9 1 0 359848 18934
a 43 1 0 359848 25629
a 4 1 0 359848 1
a 3 1 0 359848 1
a 2 1 0 359848 1
a 5 2 0 769156 1
a 21 2 0 359848 412912
a 40 2 0 359848 410549
a 4 2 0 359848 1
a 3 2 0 359848 1
a 2 1 0 359848 1
a 5 3 0 769156 1
a 33 3 0 359848 409490
a 17 3 0 359848 101752
a 4 3 0 359848 1
a 3 2 0 359848 1
a 3 1 0 359848 1
a 15 4 0 359848 26668
a 5 4 0 769156 1
a 28 4 0 359848 409090
a 4 3 0 359848 1
a 4 2 0 359848 1
a 4 1 0 359848 1
a 5 4 0 769156 1
a 5 3 0 769156 1
a 5 2 0 769156 1
a 5 1 0 769156 1
a 8 6 0 769156 1
a 21 6 0 359848 604
a 11 6 0 359848 398363
a 7 6 0 719696 1
a 8 7 0 769156 1
a 38 7 0 359848 6353
a 30 7 0 359848 6332
a 7 6 0 719696 1
a 8 7 0 769156 1
a 8 6 0 769156 1
a 13 9 0 769156 1
a 26 9 0 359848 366486
a 12 9 0 359848 1
a 11 9 0 359848 1
a 10 9 0 359848 1
a 9 1 0 359848 19106
a 13 10 0 769156 1
a 15 10 0 359848 41359
a 36 10 0 359848 153350
a 18 10 0 359848 115319
a 12 10 0 359848 1
a 11 10 0 359848 1
a 10 9 0 359848 1
a 12 11 0 359848 1
a 13 11 0 769156 1
a 29 11 0 359848 406236
a 11 10 0 359848 1
a 11 9 0 359848 1
a 11 6 0 359848 399787
a 12 11 0 359848 1
a 39 12 0 359848 400578
a 13 12 0 769156 1
a 32 12 0 359848 399684
a 22 12 0 359848 399266
a 12 10 0 359848 1
a 12 9 0 359848 1
a 13 12 0 769156 1
a 13 11 0 769156 1
a 13 10 0 769156 1
a 13 9 0 769156 1
a 36 14 0 359848 114105
a 16 14 0 769156 1
a 32 14 0 359848 433395
a 39 14 0 359848 436855
a 15 14 0 719696 1
a 48 15 0 359848 325794
a 15 4 0 359848 26268
a 43 15 0 359848 790
a 16 15 0 769156 1
a 15 14 0 719696 1
a 15 10 0 359848 41424
a 16 15 0 769156 1
a 16 14 0 769156 1
a 19 17 0 769156 1
a 40 17 0 359848 510238
a 18 17 0 719696 1
a 17 3 0 359848 101410
a 19 18 0 769156 1
a 35 18 0 359848 38697
a 46 18 0 359848 38919
a 18 17 0 719696 1
a 18 10 0 359848 115153
a 19 18 0 769156 1
a 19 17 0 769156 1
a 24 20 0 769156 1
a 41 20 0 359848 6862
a 23 20 0 359848 1
a 22 20 0 359848 1
a 21 20 0 359848 1
a 24 21 0 769156 1
a 23 21 0 359848 1
a 22 21 0 359848 1
a 21 20 0 359848 1
a 21 6 0 359848 604
a 21 2 0 359848 413655
a 24 22 0 769156 1
a 23 22 0 359848 1
a 22 21 0 359848 1
a 22 20 0 359848 1
a 22 12 0 359848 398516
a 24 23 0 769156 1
a 28 23 0 359848 6633
a 23 22 0 359848 1
a 23 21 0 359848 1
a 23 20 0 359848 1
a 24 23 0 769156 1
a 24 22 0 769156 1
a 24 21 0 769156 1
a 24 20 0 769156 1
a 26 25 0 359848 1
a 48 25 0 359848 1
a 49 25 0 359848 1
a 27 25 0 769156 1
a 31 25 0 359848 758659
a 26 25 0 359848 1
a 48 26 0 359848 1
a 49 26 0 359848 1
a 27 26 0 769156 1
a 26 9 0 359848 365435
a 48 27 0 769156 1
a 49 27 0 769156 1
a 27 26 0 769156 1
a 27 25 0 769156 1
a 34 28 0 769156 1
a 44 28 0 359848 1475
a 33 28 0 359848 1
a 32 28 0 359848 1
a 31 28 0 359848 1
a 30 28 0 359848 1
a 29 28 0 359848 1
a 28 23 0 359848 6864
a 28 4 0 359848 413792
a 34 29 0 769156 1
a 38 29 0 359848 27
a 47 29 0 359848 27
a 33 29 0 359848 1
a 32 29 0 359848 1
a 31 29 0 359848 1
a 30 29 0 359848 1
a 29 28 0 359848 1
a 29 11 0 359848 401700
a 34 30 0 769156 1
a 41 30 0 359848 28
a 44 30 0 359848 1468
a 33 30 0 359848 1
a 32 30 0 359848 1
a 31 30 0 359848 1
a 30 29 0 359848 1
a 30 28 0 359848 1
a 30 7 0 359848 6409
a 34 31 0 769156 1
a 45 31 0 359848 1017
a 33 31 0 359848 1
a 32 31 0 359848 1
a 31 30 0 359848 1
a 31 29 0 359848 1
a 31 28 0 359848 1
a 31 25 0 359848 758666
a 34 32 0 769156 1
a 47 32 0 359848 27
a 33 32 0 359848 1
a 32 31 0 359848 1
a 32 30 0 359848 1
a 32 29 0 359848 1
a 32 28 0 359848 1
a 32 14 0 359848 434139
a 32 12 0 359848 401192
a 34 33 0 769156 1
a 45 33 0 359848 1005
a 33 32 0 359848 1
a 33 31 0 359848 1
a 33 30 0 359848 1
a 33 29 0 359848 1
a 33 28 0 359848 1
a 33 3 0 359848 412105
a 34 33 0 769156 1
a 34 32 0 769156 1
a 34 31 0 769156 1
a 34 30 0 769156 1
a 34 29 0 769156 1
a 34 28 0 769156 1
a 38 35 0 359848 550166
a 37 35 0 769156 1
a 46 35 0 359848 53
a 36 35 0 719696 1
a 35 18 0 359848 38285
a 36 14 0 359848 113453
a 49 36 0 359848 213998
a 37 36 0 769156 1
a 36 35 0 719696 1
a 36 10 0 359848 153589
a 37 36 0 769156 1
a 37 35 0 769156 1
a 38 35 0 359848 544014
a 42 38 0 769156 1
a 47 38 0 359848 1
a 41 38 0 359848 1
a 40 38 0 359848 1
a 39 38 0 359848 1
a 38 29 0 359848 28
a 38 7 0 359848 6299
a 39 12 0 359848 399728
a 42 39 0 769156 1
a 47 39 0 359848 1
a 44 39 0 359848 1470
a 41 39 0 359848 1
a 40 39 0 359848 1
a 39 38 0 359848 1
a 39 14 0 359848 438246
a 42 40 0 769156 1
a 45 40 0 359848 1036
a 41 40 0 359848 1
a 40 39 0 359848 1
a 40 38 0 359848 1
a 40 17 0 359848 514805
a 40 2 0 359848 413347
a 42 41 0 769156 1
a 47 41 0 359848 1
a 41 40 0 359848 1
a 41 39 0 359848 1
a 41 38 0 359848 1
a 41 30 0 359848 28
a 41 20 0 359848 6747
a 42 41 0 769156 1
a 42 40 0 769156 1
a 42 39 0 769156 1
a 42 38 0 769156 1
a 43 15 0 359848 788
a 43 1 0 359848 25613
a 44 39 0 359848 1472
a 44 30 0 359848 1469
a 44 28 0 359848 1501
a 45 40 0 359848 1033
a 45 33 0 359848 1003
a 45 31 0 359848 1005
a 46 35 0 359848 53
a 46 18 0 359848 40155
a 47 41 0 359848 1
a 47 39 0 359848 1
a 47 38 0 359848 1
a 47 32 0 359848 27
a 47 29 0 359848 28
a 49 48 0 359848 1
a 48 26 0 359848 1
a 48 25 0 359848 1
a 48 27 0 769156 1
a 48 15 0 359848 325351
a 49 48 0 359848 1
a 49 26 0 359848 1
a 49 25 0 359848 1
a 49 27 0 769156 1
a 49 36 0 359848 213104

