c 298300 msec
p min 49 520
n 15 -769119
n 16 12506
n 17 12506
n 19 31265
n 20 31265
n 21 31265
n 22 31265
n 24 12506
n 25 12506
n 27 18759
n 28 18759
n 29 18759
n 30 18759
n 31 18759
n 32 18759
n 34 25012
n 35 25012
n 37 50024
n 38 50024
n 39 56277
n 40 50024
n 42 37518
n 43 56277
n 44 37518
n 45 12506
n 46 56277
n 47 12506
n 48 12506
a 1 5 0 769119 1
a 1 9 0 438619 36557
a 1 43 0 438619 49648
a 1 4 0 438619 1
a 1 3 0 438619 1
a 1 2 0 438619 1
a 2 5 0 769119 1
a 2 21 0 438619 397415
a 2 40 0 438619 396610
a 2 4 0 438619 1
a 2 3 0 438619 1
a 1 2 0 438619 1
a 3 5 0 769119 1
a 3 33 0 438619 385221
a 3 17 0 438619 118956
a 3 4 0 438619 1
a 2 3 0 438619 1
a 1 3 0 438619 1
a 4 15 0 438619 54127
a 4 5 0 769119 1
a 4 28 0 438619 382342
a 3 4 0 438619 1
a 2 4 0 438619 1
a 1 4 0 438619 1
a 4 5 0 769119 1
a 3 5 0 769119 1
a 2 5 0 769119 1
a 1 5 0 769119 1
a 6 8 0 769119 1
a 6 21 0 438619 2989
a 6 11 0 438619 364595
a 6 7 0 769119 1
a 7 8 0 769119 1
a 7 38 0 438619 21663
a 7 30 0 438619 21731
a 6 7 0 769119 1
a 7 8 0 769119 1
a 6 8 0 769119 1
a 9 13 0 769119 1
a 9 26 0 438619 394818
a 9 12 0 438619 4
a 9 11 0 438619 2
a 9 10 0 438619 1
a 1 9 0 438619 38172
a 10 13 0 769119 1
a 10 15 0 438619 81137
a 10 36 0 438619 208271
a 10 18 0 438619 141276
a 10 12 0 438619 4
a 10 11 0 438619 2
a 9 10 0 438619 1
a 11 12 0 438619 1
a 11 13 0 769119 1
a 11 29 0 438619 357165
a 10 11 0 438619 2
a 9 11 0 438619 1
a 6 11 0 438619 362467
a 11 12 0 438619 1
a 12 39 0 438619 366463
a 12 13 0 769119 1
a 12 32 0 438619 364307
a 12 22 0 438619 370267
a 10 12 0 438619 3
a 9 12 0 438619 2
a 12 13 0 769119 1
a 11 13 0 769119 1
a 10 13 0 769119 1
a 9 13 0 769119 1
a 14 36 0 438619 138745
a 14 16 0 769119 1
a 14 32 0 438619 427781
a 14 39 0 438619 426756
a 14 15 0 769119 1
a 15 48 0 438619 324730
a 4 15 0 438619 53779
a 15 43 0 438619 4193
a 15 16 0 769119 1
a 14 15 0 769119 1
a 10 15 0 438619 81582
a 15 16 0 769119 1
a 14 16 0 769119 1
a 17 19 0 769119 1
a 17 40 0 438619 491710
a 17 18 0 769119 1
a 3 17 0 438619 118355
a 18 19 0 769119 1
a 18 35 0 438619 67181
a 18 46 0 438619 67302
a 17 18 0 769119 1
a 10 18 0 438619 142241
a 18 19 0 769119 1
a 17 19 0 769119 1
a 20 24 0 769119 1
a 20 41 0 438619 22312
a 20 23 0 438619 1
a 20 22 0 438619 1
a 20 21 0 438619 1
a 21 24 0 769119 1
a 21 23 0 438619 1
a 21 22 0 438619 1
a 20 21 0 438619 1
a 6 21 0 438619 3040
a 2 21 0 438619 389278
a 22 24 0 769119 1
a 22 23 0 438619 1
a 21 22 0 438619 1
a 20 22 0 438619 1
a 12 22 0 438619 364917
a 23 24 0 769119 1
a 23 28 0 438619 22421
a 22 23 0 438619 2
a 21 23 0 438619 1
a 20 23 0 438619 1
a 23 24 0 769119 1
a 22 24 0 769119 1
a 21 24 0 769119 1
a 20 24 0 769119 1
a 25 26 0 438619 1
a 25 48 0 438619 1
a 25 49 0 438619 1
a 25 27 0 769119 1
a 25 31 0 438619 758666
a 25 26 0 438619 1
a 26 48 0 438619 1
a 26 49 0 438619 1
a 26 27 0 769119 1
a 9 26 0 438619 394150
a 27 48 0 769119 1
a 27 49 0 769119 1
a 26 27 0 769119 1
a 25 27 0 769119 1
a 28 34 0 769119 1
a 28 44 0 438619 7371
a 28 33 0 438619 1
a 28 32 0 438619 3
a 28 31 0 438619 1
a 28 30 0 438619 1
a 28 29 0 438619 1
a 23 28 0 438619 22310
a 4 28 0 438619 393913
a 29 34 0 769119 1
a 29 38 0 438619 395
a 29 47 0 438619 398
a 29 33 0 438619 1
a 29 32 0 438619 1
a 29 31 0 438619 7
a 29 30 0 438619 1
a 28 29 0 438619 1
a 11 29 0 438619 359282
a 30 34 0 769119 1
a 30 41 0 438619 399
a 30 44 0 438619 7477
a 30 33 0 438619 1
a 30 32 0 438619 1
a 30 31 0 438619 6
a 29 30 0 438619 1
a 28 30 0 438619 1
a 7 30 0 438619 20795
a 31 34 0 769119 1
a 31 45 0 438619 5788
a 31 33 0 438619 1
a 31 32 0 438619 3
a 30 31 0 438619 1
a 29 31 0 438619 1
a 28 31 0 438619 1
a 25 31 0 438619 748293
a 32 34 0 769119 1
a 32 47 0 438619 385
a 32 33 0 438619 2
a 31 32 0 438619 1
a 30 32 0 438619 1
a 29 32 0 438619 1
a 28 32 0 438619 1
a 14 32 0 438619 430459
a 12 32 0 438619 370729
a 33 34 0 769119 1
a 33 45 0 438619 5617
a 32 33 0 438619 1
a 31 33 0 438619 1
a 30 33 0 438619 1
a 29 33 0 438619 1
a 28 33 0 438619 1
a 3 33 0 438619 379140
a 33 34 0 769119 1
a 32 34 0 769119 1
a 31 34 0 769119 1
a 30 34 0 769119 1
a 29 34 0 769119 1
a 28 34 0 769119 1
a 35 38 0 438619 570267
a 35 37 0 769119 1
a 35 46 0 438619 607
a 35 36 0 769119 1
a 18 35 0 438619 67152
a 14 36 0 438619 134508
a 36 49 0 438619 192147
a 36 37 0 769119 1
a 35 36 0 769119 2
a 10 36 0 438619 204910
a 36 37 0 769119 1
a 35 37 0 769119 1
a 35 38 0 438619 566611
a 38 42 0 769119 1
a 38 47 0 438619 29
a 38 41 0 438619 1
a 38 40 0 438619 5
a 38 39 0 438619 9
a 29 38 0 438619 394
a 7 38 0 438619 21890
a 12 39 0 438619 356424
a 39 42 0 769119 1
a 39 47 0 438619 29
a 39 44 0 438619 7553
a 39 41 0 438619 1
a 39 40 0 438619 3
a 38 39 0 438619 1
a 14 39 0 438619 434785
a 40 42 0 769119 1
a 40 45 0 438619 6118
a 40 41 0 438619 2
a 39 40 0 438619 2
a 38 40 0 438619 1
a 17 40 0 438619 507245
a 2 40 0 438619 391068
a 41 42 0 769119 1
a 41 47 0 438619 28
a 40 41 0 438619 1
a 39 41 0 438619 1
a 38 41 0 438619 2
a 30 41 0 438619 434
a 20 41 0 438619 22450
a 41 42 0 769119 1
a 40 42 0 769119 1
a 39 42 0 769119 1
a 38 42 0 769119 1
a 15 43 0 438619 4190
a 1 43 0 438619 49678
a 39 44 0 438619 7610
a 30 44 0 438619 7342
a 28 44 0 438619 7532
a 40 45 0 438619 5814
a 33 45 0 438619 5847
a 31 45 0 438619 5678
a 35 46 0 438619 590
a 18 46 0 438619 67144
a 41 47 0 438619 31
a 39 47 0 438619 29
a 38 47 0 438619 28
a 32 47 0 438619 404
a 29 47 0 438619 380
a 48 49 0 438619 1
a 26 48 0 438619 1
a 25 48 0 438619 1
a 27 48 0 769119 1
a 15 48 0 438619 325702
a 48 49 0 438619 1
a 26 49 0 438619 1
a 25 49 0 438619 1
a 27 49 0 769119 1
a 36 49 0 438619 195028
a 5 1 0 769119 1
a 9 1 0 438619 36557
a 43 1 0 438619 49648
a 4 1 0 438619 1
a 3 1 0 438619 1
a 2 1 0 438619 1
a 5 2 0 769119 1
a 21 2 0 438619 397415
a 40 2 0 438619 396610
a 4 2 0 438619 1
a 3 2 0 438619 1
a 2 1 0 438619 1
a 5 3 0 769119 1
a 33 3 0 438619 385221
a 17 3 0 438619 118956
a 4 3 0 438619 1
a 3 2 0 438619 1
a 3 1 0 438619 1
a 15 4 0 438619 54127
a 5 4 0 769119 1
a 28 4 0 438619 382342
a 4 3 0 438619 1
a 4 2 0 438619 1
a 4 1 0 438619 1
a 5 4 0 769119 1
a 5 3 0 769119 1
a 5 2 0 769119 1
a 5 1 0 769119 1
a 8 6 0 769119 1
a 21 6 0 438619 2989
a 11 6 0 438619 364595
a 7 6 0 769119 1
a 8 7 0 769119 1
a 38 7 0 438619 21663
a 30 7 0 438619 21731
a 7 6 0 769119 1
a 8 7 0 769119 1
a 8 6 0 769119 1
a 13 9 0 769119 1
a 26 9 0 438619 394818
a 12 9 0 438619 4
a 11 9 0 438619 2
a 10 9 0 438619 1
a 9 1 0 438619 38172
a 13 10 0 769119 1
a 15 10 0 438619 81137
a 36 10 0 438619 208271
a 18 10 0 438619 141276
a 12 10 0 438619 4
a 11 10 0 438619 2
a 10 9 0 438619 1
a 12 11 0 438619 1
a 13 11 0 769119 1
a 29 11 0 438619 357165
a 11 10 0 438619 2
a 11 9 0 438619 1
a 11 6 0 438619 362467
a 12 11 0 438619 1
a 39 12 0 438619 366463
a 13 12 0 769119 1
a 32 12 0 438619 364307
a 22 12 0 438619 370267
a 12 10 0 438619 3
a 12 9 0 438619 2
a 13 12 0 769119 1
a 13 11 0 769119 1
a 13 10 0 769119 1
a 13 9 0 769119 1
a 36 14 0 438619 138745
a 16 14 0 769119 1
a 32 14 0 438619 427781
a 39 14 0 438619 426756
a 15 14 0 769119 1
a 48 15 0 438619 324730
a 15 4 0 438619 53779
a 43 15 0 438619 4193
a 16 15 0 769119 1
a 15 14 0 769119 1
a 15 10 0 438619 81582
a 16 15 0 769119 1
a 16 14 0 769119 1
a 19 17 0 769119 1
a 40 17 0 438619 491710
a 18 17 0 769119 1
a 17 3 0 438619 118355
a 19 18 0 769119 1
a 35 18 0 438619 67181
a 46 18 0 438619 67302
a 18 17 0 769119 1
a 18 10 0 438619 142241
a 19 18 0 769119 1
a 19 17 0 769119 1
a 24 20 0 769119 1
a 41 20 0 438619 22312
a 23 20 0 438619 1
a 22 20 0 438619 1
a 21 20 0 438619 1
a 24 21 0 769119 1
a 23 21 0 438619 1
a 22 21 0 438619 1
a 21 20 0 438619 1
a 21 6 0 438619 3040
a 21 2 0 438619 389278
a 24 22 0 769119 1
a 23 22 0 438619 1
a 22 21 0 438619 1
a 22 20 0 438619 1
a 22 12 0 438619 364917
a 24 23 0 769119 1
a 28 23 0 438619 22421
a 23 22 0 438619 2
a 23 21 0 438619 1
a 23 20 0 438619 1
a 24 23 0 769119 1
a 24 22 0 769119 1
a 24 21 0 769119 1
a 24 20 0 769119 1
a 26 25 0 438619 1
a 48 25 0 438619 1
a 49 25 0 438619 1
a 27 25 0 769119 1
a 31 25 0 438619 758666
a 26 25 0 438619 1
a 48 26 0 438619 1
a 49 26 0 438619 1
a 27 26 0 769119 1
a 26 9 0 438619 394150
a 48 27 0 769119 1
a 49 27 0 769119 1
a 27 26 0 769119 1
a 27 25 0 769119 1
a 34 28 0 769119 1
a 44 28 0 438619 7371
a 33 28 0 438619 1
a 32 28 0 438619 3
a 31 28 0 438619 1
a 30 28 0 438619 1
a 29 28 0 438619 1
a 28 23 0 438619 22310
a 28 4 0 438619 393913
a 34 29 0 769119 1
a 38 29 0 438619 395
a 47 29 0 438619 398
a 33 29 0 438619 1
a 32 29 0 438619 1
a 31 29 0 438619 7
a 30 29 0 438619 1
a 29 28 0 438619 1
a 29 11 0 438619 359282
a 34 30 0 769119 1
a 41 30 0 438619 399
a 44 30 0 438619 7477
a 33 30 0 438619 1
a 32 30 0 438619 1
a 31 30 0 438619 6
a 30 29 0 438619 1
a 30 28 0 438619 1
a 30 7 0 438619 20795
a 34 31 0 769119 1
a 45 31 0 438619 5788
a 33 31 0 438619 1
a 32 31 0 438619 3
a 31 30 0 438619 1
a 31 29 0 438619 1
a 31 28 0 438619 1
a 31 25 0 438619 748293
a 34 32 0 769119 1
a 47 32 0 438619 385
a 33 32 0 438619 2
a 32 31 0 438619 1
a 32 30 0 438619 1
a 32 29 0 438619 1
a 32 28 0 438619 1
a 32 14 0 438619 430459
a 32 12 0 438619 370729
a 34 33 0 769119 1
a 45 33 0 438619 5617
a 33 32 0 438619 1
a 33 31 0 438619 1
a 33 30 0 438619 1
a 33 29 0 438619 1
a 33 28 0 438619 1
a 33 3 0 438619 379140
a 34 33 0 769119 1
a 34 32 0 769119 1
a 34 31 0 769119 1
a 34 30 0 769119 1
a 34 29 0 769119 1
a 34 28 0 769119 1
a 38 35 0 438619 570267
a 37 35 0 769119 1
a 46 35 0 438619 607
a 36 35 0 769119 1
a 35 18 0 438619 67152
a 36 14 0 438619 134508
a 49 36 0 438619 192147
a 37 36 0 769119 1
a 36 35 0 769119 2
a 36 10 0 438619 204910
a 37 36 0 769119 1
a 37 35 0 769119 1
a 38 35 0 438619 566611
a 42 38 0 769119 1
a 47 38 0 438619 29
a 41 38 0 438619 1
a 40 38 0 438619 5
a 39 38 0 438619 9
a 38 29 0 438619 394
a 38 7 0 438619 21890
a 39 12 0 438619 356424
a 42 39 0 769119 1
a 47 39 0 438619 29
a 44 39 0 438619 7553
a 41 39 0 438619 1
a 40 39 0 438619 3
a 39 38 0 438619 1
a 39 14 0 438619 434785
a 42 40 0 769119 1
a 45 40 0 438619 6118
a 41 40 0 438619 2
a 40 39 0 438619 2
a 40 38 0 438619 1
a 40 17 0 438619 507245
a 40 2 0 438619 391068
a 42 41 0 769119 1
a 47 41 0 438619 28
a 41 40 0 438619 1
a 41 39 0 438619 1
a 41 38 0 438619 2
a 41 30 0 438619 434
a 41 20 0 438619 22450
a 42 41 0 769119 1
a 42 40 0 769119 1
a 42 39 0 769119 1
a 42 38 0 769119 1
a 43 15 0 438619 4190
a 43 1 0 438619 49678
a 44 39 0 438619 7610
a 44 30 0 438619 7342
a 44 28 0 438619 7532
a 45 40 0 438619 5814
a 45 33 0 438619 5847
a 45 31 0 438619 5678
a 46 35 0 438619 590
a 46 18 0 438619 67144
a 47 41 0 438619 31
a 47 39 0 438619 29
a 47 38 0 438619 28
a 47 32 0 438619 404
a 47 29 0 438619 380
a 49 48 0 438619 1
a 48 26 0 438619 1
a 48 25 0 438619 1
a 48 27 0 769119 1
a 48 15 0 438619 325702
a 49 48 0 438619 1
a 49 26 0 438619 1
a 49 25 0 438619 1
a 49 27 0 769119 1
a 49 36 0 438619 195028

