c 200 msec
p min 49 520
n 15 -769119
n 16 12506
n 17 12506
n 19 31265
n 20 31265
n 21 31265
n 22 31265
n 24 12506
n 25 12506
n 27 18759
n 28 18759
n 29 18759
n 30 18759
n 31 18759
n 32 18759
n 34 25012
n 35 25012
n 37 50024
n 38 50024
n 39 56277
n 40 50024
n 42 37518
n 43 56277
n 44 37518
n 45 12506
n 46 56277
n 47 12506
n 48 12506
a 1 5 0 769119 1084
a 1 9 0 514901 101357
a 1 43 0 514901 95362
a 1 4 0 514901 4379
a 1 3 0 514901 4273
a 1 2 0 514901 4405
a 2 5 0 769119 1146
a 2 21 0 514901 243029
a 2 40 0 514901 199363
a 2 4 0 514901 4306
a 2 3 0 514901 4433
a 1 2 0 514901 4960
a 3 5 0 769119 1066
a 3 33 0 514901 160993
a 3 17 0 514901 89475
a 3 4 0 514901 3285
a 2 3 0 514901 4340
a 1 3 0 514901 4328
a 4 15 0 514901 93328
a 4 5 0 769119 1073
a 4 28 0 514901 157403
a 3 4 0 514901 3471
a 2 4 0 514901 4629
a 1 4 0 514901 5000
a 4 5 0 769119 1065
a 3 5 0 769119 1063
a 2 5 0 769119 1141
a 1 5 0 769119 1081
a 6 8 0 769119 992
a 6 21 0 514901 34652
a 6 11 0 514901 194650
a 6 7 0 769119 3917
a 7 8 0 769119 1032
a 7 38 0 514901 48881
a 7 30 0 514901 73000
a 6 7 0 769119 4056
a 7 8 0 769119 1031
a 6 8 0 769119 988
a 9 13 0 769119 1160
a 9 26 0 514901 305259
a 9 12 0 514901 5150
a 9 11 0 514901 4831
a 9 10 0 514901 4512
a 1 9 0 514901 93302
a 10 13 0 769119 1220
a 10 15 0 514901 80961
a 10 36 0 514901 140758
a 10 18 0 514901 111991
a 10 12 0 514901 5736
a 10 11 0 514901 5617
a 9 10 0 514901 4595
a 11 12 0 514901 4123
a 11 13 0 769119 1214
a 11 29 0 514901 158839
a 10 11 0 514901 5214
a 9 11 0 514901 4795
a 6 11 0 514901 207609
a 11 12 0 514901 3942
a 12 39 0 514901 145309
a 12 13 0 769119 1387
a 12 32 0 514901 144961
a 12 22 0 514901 271776
a 10 12 0 514901 5317
a 9 12 0 514901 5276
a 12 13 0 769119 1432
a 11 13 0 769119 1209
a 10 13 0 769119 1228
a 9 13 0 769119 1175
a 14 36 0 514901 78389
a 14 16 0 769119 1083
a 14 32 0 514901 209814
a 14 39 0 514901 296357
a 14 15 0 769119 4573
a 15 48 0 514901 161765
a 4 15 0 514901 90034
a 15 43 0 514901 54125
a 15 16 0 769119 1055
a 14 15 0 769119 4285
a 10 15 0 514901 76020
a 15 16 0 769119 1054
a 14 16 0 769119 1077
a 17 19 0 769119 1137
a 17 40 0 514901 241771
a 17 18 0 769119 4479
a 3 17 0 514901 91909
a 18 19 0 769119 1115
a 18 35 0 514901 56529
a 18 46 0 514901 90938
a 17 18 0 769119 3625
a 10 18 0 514901 100174
a 18 19 0 769119 1074
a 17 19 0 769119 1199
a 20 24 0 769119 949
a 20 41 0 514901 91760
a 20 23 0 514901 2947
a 20 22 0 514901 3548
a 20 21 0 514901 4075
a 21 24 0 769119 964
a 21 23 0 514901 4096
a 21 22 0 514901 4117
a 20 21 0 514901 3457
a 6 21 0 514901 28912
a 2 21 0 514901 246579
a 22 24 0 769119 960
a 22 23 0 514901 3771
a 21 22 0 514901 3667
a 20 22 0 514901 3630
a 12 22 0 514901 278927
a 23 24 0 769119 965
a 23 28 0 514901 107559
a 22 23 0 514901 3720
a 21 23 0 514901 3889
a 20 23 0 514901 3113
a 23 24 0 769119 963
a 22 24 0 769119 955
a 21 24 0 769119 965
a 20 24 0 769119 949
a 25 26 0 514901 2767
a 25 48 0 514901 1856
a 25 49 0 514901 1955
a 25 27 0 769119 1043
a 25 31 0 514901 723211
a 25 26 0 514901 2686
a 26 48 0 514901 2192
a 26 49 0 514901 2385
a 26 27 0 769119 985
a 9 26 0 514901 319541
a 27 48 0 769119 980
a 27 49 0 769119 951
a 26 27 0 769119 986
a 25 27 0 769119 1028
a 28 34 0 769119 1006
a 28 44 0 514901 58195
a 28 33 0 514901 3668
a 28 32 0 514901 4114
a 28 31 0 514901 3928
a 28 30 0 514901 4821
a 28 29 0 514901 3853
a 23 28 0 514901 106329
a 4 28 0 514901 157025
a 29 34 0 769119 997
a 29 38 0 514901 25966
a 29 47 0 514901 16796
a 29 33 0 514901 3738
a 29 32 0 514901 1853
a 29 31 0 514901 5980
a 29 30 0 514901 3859
a 28 29 0 514901 4020
a 11 29 0 514901 147624
a 30 34 0 769119 1030
a 30 41 0 514901 19527
a 30 44 0 514901 61519
a 30 33 0 514901 3858
a 30 32 0 514901 4073
a 30 31 0 514901 4952
a 29 30 0 514901 3594
a 28 30 0 514901 3579
a 7 30 0 514901 76085
a 31 34 0 769119 1017
a 31 45 0 514901 51547
a 31 33 0 514901 3675
a 31 32 0 514901 4371
a 30 31 0 514901 4226
a 29 31 0 514901 3875
a 28 31 0 514901 3988
a 25 31 0 514901 758666
a 32 34 0 769119 1076
a 32 47 0 514901 18632
a 32 33 0 514901 4255
a 31 32 0 514901 4200
a 30 32 0 514901 3924
a 29 32 0 514901 2007
a 28 32 0 514901 4277
a 14 32 0 514901 218568
a 12 32 0 514901 146242
a 33 34 0 769119 940
a 33 45 0 514901 47048
a 32 33 0 514901 4228
a 31 33 0 514901 3622
a 30 33 0 514901 3872
a 29 33 0 514901 3947
a 28 33 0 514901 3787
a 3 33 0 514901 157381
a 33 34 0 769119 939
a 32 34 0 769119 1074
a 31 34 0 769119 1020
a 30 34 0 769119 1041
a 29 34 0 769119 986
a 28 34 0 769119 1010
a 35 38 0 514901 521537
a 35 37 0 769119 1139
a 35 46 0 514901 25459
a 35 36 0 769119 4637
a 18 35 0 514901 68012
a 14 36 0 514901 78712
a 36 49 0 514901 59630
a 36 37 0 769119 1120
a 35 36 0 769119 4578
a 10 36 0 514901 144056
a 36 37 0 769119 1132
a 35 37 0 769119 1124
a 35 38 0 514901 504523
a 38 42 0 769119 1087
a 38 47 0 514901 7474
a 38 41 0 514901 4346
a 38 40 0 514901 5292
a 38 39 0 514901 6768
a 29 38 0 514901 24770
a 7 38 0 514901 51727
a 12 39 0 514901 155006
a 39 42 0 769119 1123
a 39 47 0 514901 7375
a 39 44 0 514901 50730
a 39 41 0 514901 4442
a 39 40 0 514901 4658
a 38 39 0 514901 4401
a 14 39 0 514901 276707
a 40 42 0 769119 1233
a 40 45 0 514901 61166
a 40 41 0 514901 5616
a 39 40 0 514901 4557
a 38 40 0 514901 4727
a 17 40 0 514901 244419
a 2 40 0 514901 201348
a 41 42 0 769119 1090
a 41 47 0 514901 7506
a 40 41 0 514901 4621
a 39 41 0 514901 4400
a 38 41 0 514901 4390
a 30 41 0 514901 21293
a 20 41 0 514901 93176
a 41 42 0 769119 1084
a 40 42 0 769119 1234
a 39 42 0 769119 1116
a 38 42 0 769119 1086
a 15 43 0 514901 55791
a 1 43 0 514901 96211
a 39 44 0 514901 52691
a 30 44 0 514901 58643
a 28 44 0 514901 65526
a 40 45 0 514901 62125
a 33 45 0 514901 49115
a 31 45 0 514901 51823
a 35 46 0 514901 25516
a 18 46 0 514901 105285
a 41 47 0 514901 7433
a 39 47 0 514901 7961
a 38 47 0 514901 7420
a 32 47 0 514901 21491
a 29 47 0 514901 16808
a 48 49 0 514901 1808
a 26 48 0 514901 2119
a 25 48 0 514901 1823
a 27 48 0 769119 979
a 15 48 0 514901 171772
a 48 49 0 514901 1800
a 26 49 0 514901 1837
a 25 49 0 514901 1941
a 27 49 0 769119 952
a 36 49 0 514901 59408
a 5 1 0 769119 1084
a 9 1 0 514901 101357
a 43 1 0 514901 95362
a 4 1 0 514901 4379
a 3 1 0 514901 4273
a 2 1 0 514901 4405
a 5 2 0 769119 1146
a 21 2 0 514901 243029
a 40 2 0 514901 199363
a 4 2 0 514901 4306
a 3 2 0 514901 4433
a 2 1 0 514901 4960
a 5 3 0 769119 1066
a 33 3 0 514901 160993
a 17 3 0 514901 89475
a 4 3 0 514901 3285
a 3 2 0 514901 4340
a 3 1 0 514901 4328
a 15 4 0 514901 93328
a 5 4 0 769119 1073
a 28 4 0 514901 157403
a 4 3 0 514901 3471
a 4 2 0 514901 4629
a 4 1 0 514901 5000
a 5 4 0 769119 1065
a 5 3 0 769119 1063
a 5 2 0 769119 1141
a 5 1 0 769119 1081
a 8 6 0 769119 992
a 21 6 0 514901 34652
a 11 6 0 514901 194650
a 7 6 0 769119 3917
a 8 7 0 769119 1032
a 38 7 0 514901 48881
a 30 7 0 514901 73000
a 7 6 0 769119 4056
a 8 7 0 769119 1031
a 8 6 0 769119 988
a 13 9 0 769119 1160
a 26 9 0 514901 305259
a 12 9 0 514901 5150
a 11 9 0 514901 4831
a 10 9 0 514901 4512
a 9 1 0 514901 93302
a 13 10 0 769119 1220
a 15 10 0 514901 80961
a 36 10 0 514901 140758
a 18 10 0 514901 111991
a 12 10 0 514901 5736
a 11 10 0 514901 5617
a 10 9 0 514901 4595
a 12 11 0 514901 4123
a 13 11 0 769119 1214
a 29 11 0 514901 158839
a 11 10 0 514901 5214
a 11 9 0 514901 4795
a 11 6 0 514901 207609
a 12 11 0 514901 3942
a 39 12 0 514901 145309
a 13 12 0 769119 1387
a 32 12 0 514901 144961
a 22 12 0 514901 271776
a 12 10 0 514901 5317
a 12 9 0 514901 5276
a 13 12 0 769119 1432
a 13 11 0 769119 1209
a 13 10 0 769119 1228
a 13 9 0 769119 1175
a 36 14 0 514901 78389
a 16 14 0 769119 1083
a 32 14 0 514901 209814
a 39 14 0 514901 296357
a 15 14 0 769119 4573
a 48 15 0 514901 161765
a 15 4 0 514901 90034
a 43 15 0 514901 54125
a 16 15 0 769119 1055
a 15 14 0 769119 4285
a 15 10 0 514901 76020
a 16 15 0 769119 1054
a 16 14 0 769119 1077
a 19 17 0 769119 1137
a 40 17 0 514901 241771
a 18 17 0 769119 4479
a 17 3 0 514901 91909
a 19 18 0 769119 1115
a 35 18 0 514901 56529
a 46 18 0 514901 90938
a 18 17 0 769119 3625
a 18 10 0 514901 100174
a 19 18 0 769119 1074
a 19 17 0 769119 1199
a 24 20 0 769119 949
a 41 20 0 514901 91760
a 23 20 0 514901 2947
a 22 20 0 514901 3548
a 21 20 0 514901 4075
a 24 21 0 769119 964
a 23 21 0 514901 4096
a 22 21 0 514901 4117
a 21 20 0 514901 3457
a 21 6 0 514901 28912
a 21 2 0 514901 246579
a 24 22 0 769119 960
a 23 22 0 514901 3771
a 22 21 0 514901 3667
a 22 20 0 514901 3630
a 22 12 0 514901 278927
a 24 23 0 769119 965
a 28 23 0 514901 107559
a 23 22 0 514901 3720
a 23 21 0 514901 3889
a 23 20 0 514901 3113
a 24 23 0 769119 963
a 24 22 0 769119 955
a 24 21 0 769119 965
a 24 20 0 769119 949
a 26 25 0 514901 2767
a 48 25 0 514901 1856
a 49 25 0 514901 1955
a 27 25 0 769119 1043
a 31 25 0 514901 723211
a 26 25 0 514901 2686
a 48 26 0 514901 2192
a 49 26 0 514901 2385
a 27 26 0 769119 985
a 26 9 0 514901 319541
a 48 27 0 769119 980
a 49 27 0 769119 951
a 27 26 0 769119 986
a 27 25 0 769119 1028
a 34 28 0 769119 1006
a 44 28 0 514901 58195
a 33 28 0 514901 3668
a 32 28 0 514901 4114
a 31 28 0 514901 3928
a 30 28 0 514901 4821
a 29 28 0 514901 3853
a 28 23 0 514901 106329
a 28 4 0 514901 157025
a 34 29 0 769119 997
a 38 29 0 514901 25966
a 47 29 0 514901 16796
a 33 29 0 514901 3738
a 32 29 0 514901 1853
a 31 29 0 514901 5980
a 30 29 0 514901 3859
a 29 28 0 514901 4020
a 29 11 0 514901 147624
a 34 30 0 769119 1030
a 41 30 0 514901 19527
a 44 30 0 514901 61519
a 33 30 0 514901 3858
a 32 30 0 514901 4073
a 31 30 0 514901 4952
a 30 29 0 514901 3594
a 30 28 0 514901 3579
a 30 7 0 514901 76085
a 34 31 0 769119 1017
a 45 31 0 514901 51547
a 33 31 0 514901 3675
a 32 31 0 514901 4371
a 31 30 0 514901 4226
a 31 29 0 514901 3875
a 31 28 0 514901 3988
a 31 25 0 514901 758666
a 34 32 0 769119 1076
a 47 32 0 514901 18632
a 33 32 0 514901 4255
a 32 31 0 514901 4200
a 32 30 0 514901 3924
a 32 29 0 514901 2007
a 32 28 0 514901 4277
a 32 14 0 514901 218568
a 32 12 0 514901 146242
a 34 33 0 769119 940
a 45 33 0 514901 47048
a 33 32 0 514901 4228
a 33 31 0 514901 3622
a 33 30 0 514901 3872
a 33 29 0 514901 3947
a 33 28 0 514901 3787
a 33 3 0 514901 157381
a 34 33 0 769119 939
a 34 32 0 769119 1074
a 34 31 0 769119 1020
a 34 30 0 769119 1041
a 34 29 0 769119 986
a 34 28 0 769119 1010
a 38 35 0 514901 521537
a 37 35 0 769119 1139
a 46 35 0 514901 25459
a 36 35 0 769119 4637
a 35 18 0 514901 68012
a 36 14 0 514901 78712
a 49 36 0 514901 59630
a 37 36 0 769119 1120
a 36 35 0 769119 4578
a 36 10 0 514901 144056
a 37 36 0 769119 1132
a 37 35 0 769119 1124
a 38 35 0 514901 504523
a 42 38 0 769119 1087
a 47 38 0 514901 7474
a 41 38 0 514901 4346
a 40 38 0 514901 5292
a 39 38 0 514901 6768
a 38 29 0 514901 24770
a 38 7 0 514901 51727
a 39 12 0 514901 155006
a 42 39 0 769119 1123
a 47 39 0 514901 7375
a 44 39 0 514901 50730
a 41 39 0 514901 4442
a 40 39 0 514901 4658
a 39 38 0 514901 4401
a 39 14 0 514901 276707
a 42 40 0 769119 1233
a 45 40 0 514901 61166
a 41 40 0 514901 5616
a 40 39 0 514901 4557
a 40 38 0 514901 4727
a 40 17 0 514901 244419
a 40 2 0 514901 201348
a 42 41 0 769119 1090
a 47 41 0 514901 7506
a 41 40 0 514901 4621
a 41 39 0 514901 4400
a 41 38 0 514901 4390
a 41 30 0 514901 21293
a 41 20 0 514901 93176
a 42 41 0 769119 1084
a 42 40 0 769119 1234
a 42 39 0 769119 1116
a 42 38 0 769119 1086
a 43 15 0 514901 55791
a 43 1 0 514901 96211
a 44 39 0 514901 52691
a 44 30 0 514901 58643
a 44 28 0 514901 65526
a 45 40 0 514901 62125
a 45 33 0 514901 49115
a 45 31 0 514901 51823
a 46 35 0 514901 25516
a 46 18 0 514901 105285
a 47 41 0 514901 7433
a 47 39 0 514901 7961
a 47 38 0 514901 7420
a 47 32 0 514901 21491
a 47 29 0 514901 16808
a 49 48 0 514901 1808
a 48 26 0 514901 2119
a 48 25 0 514901 1823
a 48 27 0 769119 979
a 48 15 0 514901 171772
a 49 48 0 514901 1800
a 49 26 0 514901 1837
a 49 25 0 514901 1941
a 49 27 0 769119 952
a 49 36 0 514901 59408

