c 15710 msec
p min 49 520
n 23 -769128
n 24 15804
n 25 15804
n 27 36876
n 28 36876
n 29 36876
n 30 31608
n 31 31608
n 32 31608
n 34 36876
n 35 36876
n 37 47412
n 38 47412
n 39 47412
n 40 52680
n 42 15804
n 43 73752
n 44 63216
n 45 10536
n 46 68484
n 47 15804
n 48 15804
a 1 5 0 769128 1
a 1 9 0 376261 48506
a 1 43 0 376261 66079
a 1 4 0 376261 14
a 1 3 0 376261 16
a 1 2 0 376261 15
a 2 5 0 769128 2
a 2 21 0 376261 350211
a 2 40 0 376261 318666
a 2 4 0 376261 17
a 2 3 0 376261 18
a 1 2 0 376261 20
a 3 5 0 769128 1
a 3 33 0 376261 316524
a 3 17 0 376261 112355
a 3 4 0 376261 11
a 2 3 0 376261 18
a 1 3 0 376261 15
a 4 15 0 376261 64318
a 4 5 0 769128 1
a 4 28 0 376261 347809
a 3 4 0 376261 12
a 2 4 0 376261 19
a 1 4 0 376261 18
a 4 5 0 769128 1
a 3 5 0 769128 1
a 2 5 0 769128 2
a 1 5 0 769128 1
a 6 8 0 769128 1
a 6 21 0 376261 6928
a 6 11 0 376261 343699
a 6 7 0 752521 17
a 7 8 0 769128 1
a 7 38 0 376261 32151
a 7 30 0 376261 34616
a 6 7 0 752521 17
a 7 8 0 769128 1
a 6 8 0 769128 1
a 9 13 0 769128 2
a 9 26 0 376261 405595
a 9 12 0 376261 31
a 9 11 0 376261 33
a 9 10 0 376261 17
a 1 9 0 376261 46691
a 10 13 0 769128 2
a 10 15 0 376261 91841
a 10 36 0 376261 214064
a 10 18 0 376261 136587
a 10 12 0 376261 33
a 10 11 0 376261 35
a 9 10 0 376261 19
a 11 12 0 376261 16
a 11 13 0 769128 2
a 11 29 0 376261 307481
a 10 11 0 376261 27
a 9 11 0 376261 22
a 6 11 0 376261 306813
a 11 12 0 376261 14
a 12 39 0 376261 322167
a 12 13 0 769128 3
a 12 32 0 376261 298806
a 12 22 0 376261 336963
a 10 12 0 376261 25
a 9 12 0 376261 24
a 12 13 0 769128 3
a 11 13 0 769128 2
a 10 13 0 769128 2
a 9 13 0 769128 2
a 14 36 0 376261 124216
a 14 16 0 769128 1
a 14 32 0 376261 421710
a 14 39 0 376261 405825
a 14 15 0 752521 25
a 15 48 0 376261 326146
a 4 15 0 376261 62225
a 15 43 0 376261 10638
a 15 16 0 769128 1
a 14 15 0 752521 20
a 10 15 0 376261 91666
a 15 16 0 769128 1
a 14 16 0 769128 1
a 17 19 0 769128 2
a 17 40 0 376261 443453
a 17 18 0 752521 25
a 3 17 0 376261 116392
a 18 19 0 769128 1
a 18 35 0 376261 77998
a 18 46 0 376261 69757
a 17 18 0 752521 13
a 10 18 0 376261 133739
a 18 19 0 769128 1
a 17 19 0 769128 2
a 20 24 0 769128 1
a 20 41 0 376261 39432
a 20 23 0 376261 7
a 20 22 0 376261 14
a 20 21 0 376261 18
a 21 24 0 769128 1
a 21 23 0 376261 19
a 21 22 0 376261 23
a 20 21 0 376261 9
a 6 21 0 376261 7170
a 2 21 0 376261 388443
a 22 24 0 769128 1
a 22 23 0 376261 19
a 21 22 0 376261 15
a 20 22 0 376261 14
a 12 22 0 376261 343476
a 23 24 0 769128 1
a 23 28 0 376261 39477
a 22 23 0 376261 20
a 21 23 0 376261 12
a 20 23 0 376261 7
a 23 24 0 769128 1
a 22 24 0 769128 1
a 21 24 0 769128 1
a 20 24 0 769128 1
a 25 26 0 376261 10
a 25 48 0 376261 4
a 25 49 0 376261 4
a 25 27 0 769128 1
a 25 31 0 376261 706498
a 25 26 0 376261 7
a 26 48 0 376261 6
a 26 49 0 376261 7
a 26 27 0 769128 1
a 9 26 0 376261 401349
a 27 48 0 769128 1
a 27 49 0 769128 1
a 26 27 0 769128 1
a 25 27 0 769128 1
a 28 34 0 769128 1
a 28 44 0 376261 15492
a 28 33 0 376261 14
a 28 32 0 376261 22
a 28 31 0 376261 20
a 28 30 0 376261 24
a 28 29 0 376261 20
a 23 28 0 376261 40661
a 4 28 0 376261 324368
a 29 34 0 769128 1
a 29 38 0 376261 1373
a 29 47 0 376261 1290
a 29 33 0 376261 18
a 29 32 0 376261 6
a 29 31 0 376261 46
a 29 30 0 376261 17
a 28 29 0 376261 12
a 11 29 0 376261 309492
a 30 34 0 769128 1
a 30 41 0 376261 1406
a 30 44 0 376261 15248
a 30 33 0 376261 18
a 30 32 0 376261 18
a 30 31 0 376261 30
a 29 30 0 376261 12
a 28 30 0 376261 13
a 7 30 0 376261 35472
a 31 34 0 769128 1
a 31 45 0 376261 11864
a 31 33 0 376261 19
a 31 32 0 376261 25
a 30 31 0 376261 19
a 29 31 0 376261 17
a 28 31 0 376261 13
a 25 31 0 376261 758666
a 32 34 0 769128 1
a 32 47 0 376261 1235
a 32 33 0 376261 26
a 31 32 0 376261 20
a 30 32 0 376261 17
a 29 32 0 376261 7
a 28 32 0 376261 14
a 14 32 0 376261 444875
a 12 32 0 376261 318932
a 33 34 0 769128 1
a 33 45 0 376261 12272
a 32 33 0 376261 20
a 31 33 0 376261 19
a 30 33 0 376261 16
a 29 33 0 376261 16
a 28 33 0 376261 13
a 3 33 0 376261 327410
a 33 34 0 769128 1
a 32 34 0 769128 1
a 31 34 0 769128 1
a 30 34 0 769128 1
a 29 34 0 769128 1
a 28 34 0 769128 1
a 35 38 0 376261 547212
a 35 37 0 769128 1
a 35 46 0 376261 1772
a 35 36 0 752521 24
a 18 35 0 376261 74673
a 14 36 0 376261 123944
a 36 49 0 376261 146254
a 36 37 0 769128 1
a 35 36 0 752521 17
a 10 36 0 376261 216272
a 36 37 0 769128 2
a 35 37 0 769128 1
a 35 38 0 376261 592508
a 38 42 0 769128 1
a 38 47 0 376261 166
a 38 41 0 376261 22
a 38 40 0 376261 38
a 38 39 0 376261 55
a 29 38 0 376261 1547
a 7 38 0 376261 32888
a 12 39 0 376261 331669
a 39 42 0 769128 1
a 39 47 0 376261 198
a 39 44 0 376261 16661
a 39 41 0 376261 22
a 39 40 0 376261 33
a 38 39 0 376261 16
a 14 39 0 376261 380787
a 40 42 0 769128 2
a 40 45 0 376261 12908
a 40 41 0 376261 41
a 39 40 0 376261 22
a 38 40 0 376261 17
a 17 40 0 376261 438967
a 2 40 0 376261 332807
a 41 42 0 769128 1
a 41 47 0 376261 177
a 40 41 0 376261 23
a 39 41 0 376261 20
a 38 41 0 376261 16
a 30 41 0 376261 1385
a 20 41 0 376261 39387
a 41 42 0 769128 1
a 40 42 0 769128 2
a 39 42 0 769128 1
a 38 42 0 769128 1
a 15 43 0 376261 10559
a 1 43 0 376261 65084
a 39 44 0 376261 15567
a 30 44 0 376261 15747
a 28 44 0 376261 16119
a 40 45 0 376261 13299
a 33 45 0 376261 11914
a 31 45 0 376261 12231
a 35 46 0 376261 1923
a 18 46 0 376261 75079
a 41 47 0 376261 172
a 39 47 0 376261 181
a 38 47 0 376261 193
a 32 47 0 376261 1245
a 29 47 0 376261 1211
a 48 49 0 376261 4
a 26 48 0 376261 5
a 25 48 0 376261 4
a 27 48 0 769128 1
a 15 48 0 376261 290805
a 48 49 0 376261 4
a 26 49 0 376261 5
a 25 49 0 376261 5
a 27 49 0 769128 1
a 36 49 0 376261 146829
a 5 1 0 769128 1
a 9 1 0 376261 48506
a 43 1 0 376261 66079
a 4 1 0 376261 14
a 3 1 0 376261 16
a 2 1 0 376261 15
a 5 2 0 769128 2
a 21 2 0 376261 350211
a 40 2 0 376261 318666
a 4 2 0 376261 17
a 3 2 0 376261 18
a 2 1 0 376261 20
a 5 3 0 769128 1
a 33 3 0 376261 316524
a 17 3 0 376261 112355
a 4 3 0 376261 11
a 3 2 0 376261 18
a 3 1 0 376261 15
a 15 4 0 376261 64318
a 5 4 0 769128 1
a 28 4 0 376261 347809
a 4 3 0 376261 12
a 4 2 0 376261 19
a 4 1 0 376261 18
a 5 4 0 769128 1
a 5 3 0 769128 1
a 5 2 0 769128 2
a 5 1 0 769128 1
a 8 6 0 769128 1
a 21 6 0 376261 6928
a 11 6 0 376261 343699
a 7 6 0 752521 17
a 8 7 0 769128 1
a 38 7 0 376261 32151
a 30 7 0 376261 34616
a 7 6 0 752521 17
a 8 7 0 769128 1
a 8 6 0 769128 1
a 13 9 0 769128 2
a 26 9 0 376261 405595
a 12 9 0 376261 31
a 11 9 0 376261 33
a 10 9 0 376261 17
a 9 1 0 376261 46691
a 13 10 0 769128 2
a 15 10 0 376261 91841
a 36 10 0 376261 214064
a 18 10 0 376261 136587
a 12 10 0 376261 33
a 11 10 0 376261 35
a 10 9 0 376261 19
a 12 11 0 376261 16
a 13 11 0 769128 2
a 29 11 0 376261 307481
a 11 10 0 376261 27
a 11 9 0 376261 22
a 11 6 0 376261 306813
a 12 11 0 376261 14
a 39 12 0 376261 322167
a 13 12 0 769128 3
a 32 12 0 376261 298806
a 22 12 0 376261 336963
a 12 10 0 376261 25
a 12 9 0 376261 24
a 13 12 0 769128 3
a 13 11 0 769128 2
a 13 10 0 769128 2
a 13 9 0 769128 2
a 36 14 0 376261 124216
a 16 14 0 769128 1
a 32 14 0 376261 421710
a 39 14 0 376261 405825
a 15 14 0 752521 25
a 48 15 0 376261 326146
a 15 4 0 376261 62225
a 43 15 0 376261 10638
a 16 15 0 769128 1
a 15 14 0 752521 20
a 15 10 0 376261 91666
a 16 15 0 769128 1
a 16 14 0 769128 1
a 19 17 0 769128 2
a 40 17 0 376261 443453
a 18 17 0 752521 25
a 17 3 0 376261 116392
a 19 18 0 769128 1
a 35 18 0 376261 77998
a 46 18 0 376261 69757
a 18 17 0 752521 13
a 18 10 0 376261 133739
a 19 18 0 769128 1
a 19 17 0 769128 2
a 24 20 0 769128 1
a 41 20 0 376261 39432
a 23 20 0 376261 7
a 22 20 0 376261 14
a 21 20 0 376261 18
a 24 21 0 769128 1
a 23 21 0 376261 19
a 22 21 0 376261 23
a 21 20 0 376261 9
a 21 6 0 376261 7170
a 21 2 0 376261 388443
a 24 22 0 769128 1
a 23 22 0 376261 19
a 22 21 0 376261 15
a 22 20 0 376261 14
a 22 12 0 376261 343476
a 24 23 0 769128 1
a 28 23 0 376261 39477
a 23 22 0 376261 20
a 23 21 0 376261 12
a 23 20 0 376261 7
a 24 23 0 769128 1
a 24 22 0 769128 1
a 24 21 0 769128 1
a 24 20 0 769128 1
a 26 25 0 376261 10
a 48 25 0 376261 4
a 49 25 0 376261 4
a 27 25 0 769128 1
a 31 25 0 376261 706498
a 26 25 0 376261 7
a 48 26 0 376261 6
a 49 26 0 376261 7
a 27 26 0 769128 1
a 26 9 0 376261 401349
a 48 27 0 769128 1
a 49 27 0 769128 1
a 27 26 0 769128 1
a 27 25 0 769128 1
a 34 28 0 769128 1
a 44 28 0 376261 15492
a 33 28 0 376261 14
a 32 28 0 376261 22
a 31 28 0 376261 20
a 30 28 0 376261 24
a 29 28 0 376261 20
a 28 23 0 376261 40661
a 28 4 0 376261 324368
a 34 29 0 769128 1
a 38 29 0 376261 1373
a 47 29 0 376261 1290
a 33 29 0 376261 18
a 32 29 0 376261 6
a 31 29 0 376261 46
a 30 29 0 376261 17
a 29 28 0 376261 12
a 29 11 0 376261 309492
a 34 30 0 769128 1
a 41 30 0 376261 1406
a 44 30 0 376261 15248
a 33 30 0 376261 18
a 32 30 0 376261 18
a 31 30 0 376261 30
a 30 29 0 376261 12
a 30 28 0 376261 13
a 30 7 0 376261 35472
a 34 31 0 769128 1
a 45 31 0 376261 11864
a 33 31 0 376261 19
a 32 31 0 376261 25
a 31 30 0 376261 19
a 31 29 0 376261 17
a 31 28 0 376261 13
a 31 25 0 376261 758666
a 34 32 0 769128 1
a 47 32 0 376261 1235
a 33 32 0 376261 26
a 32 31 0 376261 20
a 32 30 0 376261 17
a 32 29 0 376261 7
a 32 28 0 376261 14
a 32 14 0 376261 444875
a 32 12 0 376261 318932
a 34 33 0 769128 1
a 45 33 0 376261 12272
a 33 32 0 376261 20
a 33 31 0 376261 19
a 33 30 0 376261 16
a 33 29 0 376261 16
a 33 28 0 376261 13
a 33 3 0 376261 327410
a 34 33 0 769128 1
a 34 32 0 769128 1
a 34 31 0 769128 1
a 34 30 0 769128 1
a 34 29 0 769128 1
a 34 28 0 769128 1
a 38 35 0 376261 547212
a 37 35 0 769128 1
a 46 35 0 376261 1772
a 36 35 0 752521 24
a 35 18 0 376261 74673
a 36 14 0 376261 123944
a 49 36 0 376261 146254
a 37 36 0 769128 1
a 36 35 0 752521 17
a 36 10 0 376261 216272
a 37 36 0 769128 2
a 37 35 0 769128 1
a 38 35 0 376261 592508
a 42 38 0 769128 1
a 47 38 0 376261 166
a 41 38 0 376261 22
a 40 38 0 376261 38
a 39 38 0 376261 55
a 38 29 0 376261 1547
a 38 7 0 376261 32888
a 39 12 0 376261 331669
a 42 39 0 769128 1
a 47 39 0 376261 198
a 44 39 0 376261 16661
a 41 39 0 376261 22
a 40 39 0 376261 33
a 39 38 0 376261 16
a 39 14 0 376261 380787
a 42 40 0 769128 2
a 45 40 0 376261 12908
a 41 40 0 376261 41
a 40 39 0 376261 22
a 40 38 0 376261 17
a 40 17 0 376261 438967
a 40 2 0 376261 332807
a 42 41 0 769128 1
a 47 41 0 376261 177
a 41 40 0 376261 23
a 41 39 0 376261 20
a 41 38 0 376261 16
a 41 30 0 376261 1385
a 41 20 0 376261 39387
a 42 41 0 769128 1
a 42 40 0 769128 2
a 42 39 0 769128 1
a 42 38 0 769128 1
a 43 15 0 376261 10559
a 43 1 0 376261 65084
a 44 39 0 376261 15567
a 44 30 0 376261 15747
a 44 28 0 376261 16119
a 45 40 0 376261 13299
a 45 33 0 376261 11914
a 45 31 0 376261 12231
a 46 35 0 376261 1923
a 46 18 0 376261 75079
a 47 41 0 376261 172
a 47 39 0 376261 181
a 47 38 0 376261 193
a 47 32 0 376261 1245
a 47 29 0 376261 1211
a 49 48 0 376261 4
a 48 26 0 376261 5
a 48 25 0 376261 4
a 48 27 0 769128 1
a 48 15 0 376261 290805
a 49 48 0 376261 4
a 49 26 0 376261 5
a 49 25 0 376261 5
a 49 27 0 769128 1
a 49 36 0 376261 146829

