c 469010 msec
p min 49 520
n 7 -769156
n 8 25985
n 9 25985
n 10 20788
n 11 20788
n 13 10394
n 14 10394
n 16 5197
n 17 5197
n 19 20788
n 20 15591
n 21 15591
n 22 15591
n 24 15591
n 25 10394
n 27 20788
n 28 25985
n 29 25985
n 30 20788
n 31 20788
n 32 20788
n 34 31182
n 35 31182
n 37 36379
n 38 36379
n 39 31182
n 40 36379
n 42 20788
n 43 57167
n 44 62364
n 45 5197
n 46 41576
n 47 10394
n 48 15591
a 1 5 0 769156 1
a 1 9 0 361847 27169
a 1 43 0 361847 36148
a 1 4 0 361847 1
a 1 3 0 361847 1
a 1 2 0 361847 1
a 2 5 0 769156 1
a 2 21 0 361847 401916
a 2 40 0 361847 398771
a 2 4 0 361847 1
a 2 3 0 361847 1
a 1 2 0 361847 1
a 3 5 0 769156 1
a 3 33 0 361847 400626
a 3 17 0 361847 112467
a 3 4 0 361847 1
a 2 3 0 361847 1
a 1 3 0 361847 1
a 4 15 0 361847 36905
a 4 5 0 769156 1
a 4 28 0 361847 408817
a 3 4 0 361847 1
a 2 4 0 361847 1
a 1 4 0 361847 1
a 4 5 0 769156 1
a 3 5 0 769156 1
a 2 5 0 769156 1
a 1 5 0 769156 1
a 6 8 0 769156 1
a 6 21 0 361847 1200
a 6 11 0 361847 374871
a 6 7 0 723693 1
a 7 8 0 769156 1
a 7 38 0 361847 11493
a 7 30 0 361847 11303
a 6 7 0 723693 1
a 7 8 0 769156 1
a 6 8 0 769156 1
a 9 13 0 769156 1
a 9 26 0 361847 375310
a 9 12 0 361847 1
a 9 11 0 361847 1
a 9 10 0 361847 1
a 1 9 0 361847 26650
a 10 13 0 769156 1
a 10 15 0 361847 60431
a 10 36 0 361847 178812
a 10 18 0 361847 126700
a 10 12 0 361847 1
a 10 11 0 361847 1
a 9 10 0 361847 1
a 11 12 0 361847 1
a 11 13 0 769156 1
a 11 29 0 361847 386442
a 10 11 0 361847 1
a 9 11 0 361847 1
a 6 11 0 361847 384301
a 11 12 0 361847 1
a 12 39 0 361847 383153
a 12 13 0 769156 1
a 12 32 0 361847 382399
a 12 22 0 361847 377424
a 10 12 0 361847 1
a 9 12 0 361847 1
a 12 13 0 769156 1
a 11 13 0 769156 1
a 10 13 0 769156 1
a 9 13 0 769156 1
a 14 36 0 361847 121788
a 14 16 0 769156 1
a 14 32 0 361847 433505
a 14 39 0 361847 425754
a 14 15 0 723693 1
a 15 48 0 361847 323323
a 4 15 0 361847 37653
a 15 43 0 361847 1657
a 15 16 0 769156 1
a 14 15 0 723693 1
a 10 15 0 361847 60047
a 15 16 0 769156 1
a 14 16 0 769156 1
a 17 19 0 769156 1
a 17 40 0 361847 499530
a 17 18 0 723693 1
a 3 17 0 361847 112983
a 18 19 0 769156 1
a 18 35 0 361847 51174
a 18 46 0 361847 51335
a 17 18 0 723693 1
a 10 18 0 361847 127963
a 18 19 0 769156 1
a 17 19 0 769156 1
a 20 24 0 769156 1
a 20 41 0 361847 12392
a 20 23 0 361847 1
a 20 22 0 361847 1
a 20 21 0 361847 1
a 21 24 0 769156 1
a 21 23 0 361847 1
a 21 22 0 361847 1
a 20 21 0 361847 1
a 6 21 0 361847 1185
a 2 21 0 361847 399534
a 22 24 0 769156 1
a 22 23 0 361847 1
a 21 22 0 361847 1
a 20 22 0 361847 1
a 12 22 0 361847 382648
a 23 24 0 769156 1
a 23 28 0 361847 12391
a 22 23 0 361847 1
a 21 23 0 361847 1
a 20 23 0 361847 1
a 23 24 0 769156 1
a 22 24 0 769156 1
a 21 24 0 769156 1
a 20 24 0 769156 1
a 25 26 0 361847 1
a 25 48 0 361847 1
a 25 49 0 361847 1
a 25 27 0 769156 1
a 25 31 0 361847 758666
a 25 26 0 361847 1
a 26 48 0 361847 1
a 26 49 0 361847 1
a 26 27 0 769156 1
a 9 26 0 361847 381162
a 27 48 0 769156 1
a 27 49 0 769156 1
a 26 27 0 769156 1
a 25 27 0 769156 1
a 28 34 0 769156 1
a 28 44 0 361847 3356
a 28 33 0 361847 1
a 28 32 0 361847 1
a 28 31 0 361847 1
a 28 30 0 361847 1
a 28 29 0 361847 1
a 23 28 0 361847 12459
a 4 28 0 361847 399939
a 29 34 0 769156 1
a 29 38 0 361847 98
a 29 47 0 361847 104
a 29 33 0 361847 1
a 29 32 0 361847 1
a 29 31 0 361847 1
a 29 30 0 361847 1
a 28 29 0 361847 1
a 11 29 0 361847 380866
a 30 34 0 769156 1
a 30 41 0 361847 98
a 30 44 0 361847 3274
a 30 33 0 361847 1
a 30 32 0 361847 1
a 30 31 0 361847 1
a 29 30 0 361847 1
a 28 30 0 361847 1
a 7 30 0 361847 11597
a 31 34 0 769156 1
a 31 45 0 361847 2398
a 31 33 0 361847 1
a 31 32 0 361847 1
a 30 31 0 361847 1
a 29 31 0 361847 1
a 28 31 0 361847 1
a 25 31 0 361847 747045
a 32 34 0 769156 1
a 32 47 0 361847 99
a 32 33 0 361847 1
a 31 32 0 361847 1
a 30 32 0 361847 1
a 29 32 0 361847 1
a 28 32 0 361847 1
a 14 32 0 361847 430876
a 12 32 0 361847 386163
a 33 34 0 769156 1
a 33 45 0 361847 2424
a 32 33 0 361847 1
a 31 33 0 361847 1
a 30 33 0 361847 1
a 29 33 0 361847 1
a 28 33 0 361847 1
a 3 33 0 361847 415504
a 33 34 0 769156 1
a 32 34 0 769156 1
a 31 34 0 769156 1
a 30 34 0 769156 1
a 29 34 0 769156 1
a 28 34 0 769156 1
a 35 38 0 361847 553956
a 35 37 0 769156 1
a 35 46 0 361847 179
a 35 36 0 723693 1
a 18 35 0 361847 52101
a 14 36 0 361847 123044
a 36 49 0 361847 202166
a 36 37 0 769156 1
a 35 36 0 723693 1
a 10 36 0 361847 177065
a 36 37 0 769156 1
a 35 37 0 769156 1
a 35 38 0 361847 557309
a 38 42 0 769156 1
a 38 47 0 361847 4
a 38 41 0 361847 1
a 38 40 0 361847 1
a 38 39 0 361847 1
a 29 38 0 361847 103
a 7 38 0 361847 11684
a 12 39 0 361847 387597
a 39 42 0 769156 1
a 39 47 0 361847 4
a 39 44 0 361847 3329
a 39 41 0 361847 1
a 39 40 0 361847 1
a 38 39 0 361847 1
a 14 39 0 361847 431205
a 40 42 0 769156 1
a 40 45 0 361847 2469
a 40 41 0 361847 1
a 39 40 0 361847 1
a 38 40 0 361847 1
a 17 40 0 361847 501258
a 2 40 0 361847 397229
a 41 42 0 769156 1
a 41 47 0 361847 4
a 40 41 0 361847 1
a 39 41 0 361847 1
a 38 41 0 361847 1
a 30 41 0 361847 105
a 20 41 0 361847 12513
a 41 42 0 769156 1
a 40 42 0 769156 1
a 39 42 0 769156 1
a 38 42 0 769156 1
a 15 43 0 361847 1663
a 1 43 0 361847 35906
a 39 44 0 361847 3346
a 30 44 0 361847 3252
a 28 44 0 361847 3335
a 40 45 0 361847 2471
a 33 45 0 361847 2381
a 31 45 0 361847 2433
a 35 46 0 361847 187
a 18 46 0 361847 53212
a 41 47 0 361847 3
a 39 47 0 361847 4
a 38 47 0 361847 4
a 32 47 0 361847 100
a 29 47 0 361847 100
a 48 49 0 361847 1
a 26 48 0 361847 1
a 25 48 0 361847 1
a 27 48 0 769156 1
a 15 48 0 361847 324654
a 48 49 0 361847 1
a 26 49 0 361847 1
a 25 49 0 361847 1
a 27 49 0 769156 1
a 36 49 0 361847 205111
a 5 1 0 769156 1
a 9 1 0 361847 27169
a 43 1 0 361847 36148
a 4 1 0 361847 1
a 3 1 0 361847 1
a 2 1 0 361847 1
a 5 2 0 769156 1
a 21 2 0 361847 401916
a 40 2 0 361847 398771
a 4 2 0 361847 1
a 3 2 0 361847 1
a 2 1 0 361847 1
a 5 3 0 769156 1
a 33 3 0 361847 400626
a 17 3 0 361847 112467
a 4 3 0 361847 1
a 3 2 0 361847 1
a 3 1 0 361847 1
a 15 4 0 361847 36905
a 5 4 0 769156 1
a 28 4 0 361847 408817
a 4 3 0 361847 1
a 4 2 0 361847 1
a 4 1 0 361847 1
a 5 4 0 769156 1
a 5 3 0 769156 1
a 5 2 0 769156 1
a 5 1 0 769156 1
a 8 6 0 769156 1
a 21 6 0 361847 1200
a 11 6 0 361847 374871
a 7 6 0 723693 1
a 8 7 0 769156 1
a 38 7 0 361847 11493
a 30 7 0 361847 11303
a 7 6 0 723693 1
a 8 7 0 769156 1
a 8 6 0 769156 1
a 13 9 0 769156 1
a 26 9 0 361847 375310
a 12 9 0 361847 1
a 11 9 0 361847 1
a 10 9 0 361847 1
a 9 1 0 361847 26650
a 13 10 0 769156 1
a 15 10 0 361847 60431
a 36 10 0 361847 178812
a 18 10 0 361847 126700
a 12 10 0 361847 1
a 11 10 0 361847 1
a 10 9 0 361847 1
a 12 11 0 361847 1
a 13 11 0 769156 1
a 29 11 0 361847 386442
a 11 10 0 361847 1
a 11 9 0 361847 1
a 11 6 0 361847 384301
a 12 11 0 361847 1
a 39 12 0 361847 383153
a 13 12 0 769156 1
a 32 12 0 361847 382399
a 22 12 0 361847 377424
a 12 10 0 361847 1
a 12 9 0 361847 1
a 13 12 0 769156 1
a 13 11 0 769156 1
a 13 10 0 769156 1
a 13 9 0 769156 1
a 36 14 0 361847 121788
a 16 14 0 769156 1
a 32 14 0 361847 433505
a 39 14 0 361847 425754
a 15 14 0 723693 1
a 48 15 0 361847 323323
a 15 4 0 361847 37653
a 43 15 0 361847 1657
a 16 15 0 769156 1
a 15 14 0 723693 1
a 15 10 0 361847 60047
a 16 15 0 769156 1
a 16 14 0 769156 1
a 19 17 0 769156 1
a 40 17 0 361847 499530
a 18 17 0 723693 1
a 17 3 0 361847 112983
a 19 18 0 769156 1
a 35 18 0 361847 51174
a 46 18 0 361847 51335
a 18 17 0 723693 1
a 18 10 0 361847 127963
a 19 18 0 769156 1
a 19 17 0 769156 1
a 24 20 0 769156 1
a 41 20 0 361847 12392
a 23 20 0 361847 1
a 22 20 0 361847 1
a 21 20 0 361847 1
a 24 21 0 769156 1
a 23 21 0 361847 1
a 22 21 0 361847 1
a 21 20 0 361847 1
a 21 6 0 361847 1185
a 21 2 0 361847 399534
a 24 22 0 769156 1
a 23 22 0 361847 1
a 22 21 0 361847 1
a 22 20 0 361847 1
a 22 12 0 361847 382648
a 24 23 0 769156 1
a 28 23 0 361847 12391
a 23 22 0 361847 1
a 23 21 0 361847 1
a 23 20 0 361847 1
a 24 23 0 769156 1
a 24 22 0 769156 1
a 24 21 0 769156 1
a 24 20 0 769156 1
a 26 25 0 361847 1
a 48 25 0 361847 1
a 49 25 0 361847 1
a 27 25 0 769156 1
a 31 25 0 361847 758666
a 26 25 0 361847 1
a 48 26 0 361847 1
a 49 26 0 361847 1
a 27 26 0 769156 1
a 26 9 0 361847 381162
a 48 27 0 769156 1
a 49 27 0 769156 1
a 27 26 0 769156 1
a 27 25 0 769156 1
a 34 28 0 769156 1
a 44 28 0 361847 3356
a 33 28 0 361847 1
a 32 28 0 361847 1
a 31 28 0 361847 1
a 30 28 0 361847 1
a 29 28 0 361847 1
a 28 23 0 361847 12459
a 28 4 0 361847 399939
a 34 29 0 769156 1
a 38 29 0 361847 98
a 47 29 0 361847 104
a 33 29 0 361847 1
a 32 29 0 361847 1
a 31 29 0 361847 1
a 30 29 0 361847 1
a 29 28 0 361847 1
a 29 11 0 361847 380866
a 34 30 0 769156 1
a 41 30 0 361847 98
a 44 30 0 361847 3274
a 33 30 0 361847 1
a 32 30 0 361847 1
a 31 30 0 361847 1
a 30 29 0 361847 1
a 30 28 0 361847 1
a 30 7 0 361847 11597
a 34 31 0 769156 1
a 45 31 0 361847 2398
a 33 31 0 361847 1
a 32 31 0 361847 1
a 31 30 0 361847 1
a 31 29 0 361847 1
a 31 28 0 361847 1
a 31 25 0 361847 747045
a 34 32 0 769156 1
a 47 32 0 361847 99
a 33 32 0 361847 1
a 32 31 0 361847 1
a 32 30 0 361847 1
a 32 29 0 361847 1
a 32 28 0 361847 1
a 32 14 0 361847 430876
a 32 12 0 361847 386163
a 34 33 0 769156 1
a 45 33 0 361847 2424
a 33 32 0 361847 1
a 33 31 0 361847 1
a 33 30 0 361847 1
a 33 29 0 361847 1
a 33 28 0 361847 1
a 33 3 0 361847 415504
a 34 33 0 769156 1
a 34 32 0 769156 1
a 34 31 0 769156 1
a 34 30 0 769156 1
a 34 29 0 769156 1
a 34 28 0 769156 1
a 38 35 0 361847 553956
a 37 35 0 769156 1
a 46 35 0 361847 179
a 36 35 0 723693 1
a 35 18 0 361847 52101
a 36 14 0 361847 123044
a 49 36 0 361847 202166
a 37 36 0 769156 1
a 36 35 0 723693 1
a 36 10 0 361847 177065
a 37 36 0 769156 1
a 37 35 0 769156 1
a 38 35 0 361847 557309
a 42 38 0 769156 1
a 47 38 0 361847 4
a 41 38 0 361847 1
a 40 38 0 361847 1
a 39 38 0 361847 1
a 38 29 0 361847 103
a 38 7 0 361847 11684
a 39 12 0 361847 387597
a 42 39 0 769156 1
a 47 39 0 361847 4
a 44 39 0 361847 3329
a 41 39 0 361847 1
a 40 39 0 361847 1
a 39 38 0 361847 1
a 39 14 0 361847 431205
a 42 40 0 769156 1
a 45 40 0 361847 2469
a 41 40 0 361847 1
a 40 39 0 361847 1
a 40 38 0 361847 1
a 40 17 0 361847 501258
a 40 2 0 361847 397229
a 42 41 0 769156 1
a 47 41 0 361847 4
a 41 40 0 361847 1
a 41 39 0 361847 1
a 41 38 0 361847 1
a 41 30 0 361847 105
a 41 20 0 361847 12513
a 42 41 0 769156 1
a 42 40 0 769156 1
a 42 39 0 769156 1
a 42 38 0 769156 1
a 43 15 0 361847 1663
a 43 1 0 361847 35906
a 44 39 0 361847 3346
a 44 30 0 361847 3252
a 44 28 0 361847 3335
a 45 40 0 361847 2471
a 45 33 0 361847 2381
a 45 31 0 361847 2433
a 46 35 0 361847 187
a 46 18 0 361847 53212
a 47 41 0 361847 3
a 47 39 0 361847 4
a 47 38 0 361847 4
a 47 32 0 361847 100
a 47 29 0 361847 100
a 49 48 0 361847 1
a 48 26 0 361847 1
a 48 25 0 361847 1
a 48 27 0 769156 1
a 48 15 0 361847 324654
a 49 48 0 361847 1
a 49 26 0 361847 1
a 49 25 0 361847 1
a 49 27 0 769156 1
a 49 36 0 361847 205111

