c 60090 msec
p min 49 520
n 26 -769076
n 27 30492
n 28 30492
n 29 30492
n 30 30492
n 31 30492
n 32 30492
n 34 33880
n 35 37268
n 37 50820
n 38 47432
n 39 47432
n 40 47432
n 42 20328
n 43 115192
n 44 37268
n 45 23716
n 46 125356
a 1 5 0 769076 1
a 1 9 0 244613 43196
a 1 43 0 244613 57476
a 1 4 0 244613 14
a 1 3 0 244613 16
a 1 2 0 244613 15
a 2 5 0 769076 2
a 2 21 0 244613 308222
a 2 40 0 244613 279665
a 2 4 0 244613 17
a 2 3 0 244613 17
a 1 2 0 244613 19
a 3 5 0 769076 1
a 3 33 0 244613 278639
a 3 17 0 244613 86141
a 3 4 0 244613 10
a 2 3 0 244613 17
a 1 3 0 244613 15
a 4 15 0 244613 55345
a 4 5 0 769076 1
a 4 28 0 244613 260778
a 3 4 0 244613 11
a 2 4 0 244613 18
a 1 4 0 244613 17
a 4 5 0 769076 1
a 3 5 0 769076 1
a 2 5 0 769076 2
a 1 5 0 769076 1
a 6 8 0 769076 1
a 6 21 0 244613 6509
a 6 11 0 244613 291963
a 6 7 0 489225 17
a 7 8 0 769076 1
a 7 38 0 244613 28472
a 7 30 0 244613 29404
a 6 7 0 489225 16
a 7 8 0 769076 1
a 6 8 0 769076 1
a 9 13 0 769076 2
a 9 26 0 244613 363511
a 9 12 0 244613 30
a 9 11 0 244613 32
a 9 10 0 244613 17
a 1 9 0 244613 41596
a 10 13 0 769076 2
a 10 15 0 244613 66731
a 10 36 0 244613 193852
a 10 18 0 244613 97704
a 10 12 0 244613 32
a 10 11 0 244613 34
a 9 10 0 244613 18
a 11 12 0 244613 15
a 11 13 0 769076 2
a 11 29 0 244613 258885
a 10 11 0 244613 26
a 9 11 0 244613 21
a 6 11 0 244613 289286
a 11 12 0 244613 14
a 12 39 0 244613 224751
a 12 13 0 769076 3
a 12 32 0 244613 259076
a 12 22 0 244613 297230
a 10 12 0 244613 24
a 9 12 0 244613 23
a 12 13 0 769076 3
a 11 13 0 769076 2
a 10 13 0 769076 2
a 9 13 0 769076 2
a 14 36 0 244613 94565
a 14 16 0 769076 1
a 14 32 0 244613 345636
a 14 39 0 244613 361287
a 14 15 0 489225 25
a 15 48 0 244613 250354
a 4 15 0 244613 55090
a 15 43 0 244613 9561
a 15 16 0 769076 1
a 14 15 0 489225 19
a 10 15 0 244613 65963
a 15 16 0 769076 1
a 14 16 0 769076 1
a 17 19 0 769076 2
a 17 40 0 244613 417137
a 17 18 0 489225 24
a 3 17 0 244613 92904
a 18 19 0 769076 1
a 18 35 0 244613 57517
a 18 46 0 244613 61268
a 17 18 0 489225 13
a 10 18 0 244613 111217
a 18 19 0 769076 1
a 17 19 0 769076 2
a 20 24 0 769076 1
a 20 41 0 244613 35282
a 20 23 0 244613 7
a 20 22 0 244613 13
a 20 21 0 244613 18
a 21 24 0 769076 1
a 21 23 0 244613 19
a 21 22 0 244613 22
a 20 21 0 244613 9
a 6 21 0 244613 6055
a 2 21 0 244613 343877
a 22 24 0 769076 1
a 22 23 0 244613 18
a 21 22 0 244613 14
a 20 22 0 244613 13
a 12 22 0 244613 300593
a 23 24 0 769076 1
a 23 28 0 244613 35348
a 22 23 0 244613 19
a 21 23 0 244613 12
a 20 23 0 244613 7
a 23 24 0 769076 1
a 22 24 0 769076 1
a 21 24 0 769076 1
a 20 24 0 769076 1
a 25 26 0 244613 9
a 25 48 0 244613 4
a 25 49 0 244613 4
a 25 27 0 769076 1
a 25 31 0 244613 756955
a 25 26 0 244613 7
a 26 48 0 244613 6
a 26 49 0 244613 7
a 26 27 0 769076 1
a 9 26 0 244613 371990
a 27 48 0 769076 1
a 27 49 0 769076 1
a 26 27 0 769076 1
a 25 27 0 769076 1
a 28 34 0 769076 1
a 28 44 0 244613 13788
a 28 33 0 244613 14
a 28 32 0 244613 21
a 28 31 0 244613 20
a 28 30 0 244613 23
a 28 29 0 244613 19
a 23 28 0 244613 36386
a 4 28 0 244613 285094
a 29 34 0 769076 1
a 29 38 0 244613 1301
a 29 47 0 244613 1129
a 29 33 0 244613 17
a 29 32 0 244613 5
a 29 31 0 244613 47
a 29 30 0 244613 17
a 28 29 0 244613 11
a 11 29 0 244613 256960
a 30 34 0 769076 1
a 30 41 0 244613 1327
a 30 44 0 244613 14213
a 30 33 0 244613 18
a 30 32 0 244613 18
a 30 31 0 244613 31
a 29 30 0 244613 12
a 28 30 0 244613 12
a 7 30 0 244613 29283
a 31 34 0 769076 1
a 31 45 0 244613 10637
a 31 33 0 244613 19
a 31 32 0 244613 24
a 30 31 0 244613 19
a 29 31 0 244613 17
a 28 31 0 244613 13
a 25 31 0 244613 758666
a 32 34 0 769076 1
a 32 47 0 244613 1148
a 32 33 0 244613 25
a 31 32 0 244613 20
a 30 32 0 244613 17
a 29 32 0 244613 7
a 28 32 0 244613 14
a 14 32 0 244613 404306
a 12 32 0 244613 259005
a 33 34 0 769076 1
a 33 45 0 244613 11302
a 32 33 0 244613 19
a 31 33 0 244613 19
a 30 33 0 244613 16
a 29 33 0 244613 15
a 28 33 0 244613 13
a 3 33 0 244613 269560
a 33 34 0 769076 1
a 32 34 0 769076 1
a 31 34 0 769076 1
a 30 34 0 769076 1
a 29 34 0 769076 1
a 28 34 0 769076 1
a 35 38 0 244613 535690
a 35 37 0 769076 1
a 35 46 0 244613 1772
a 35 36 0 489225 24
a 18 35 0 244613 62373
a 14 36 0 244613 99400
a 36 49 0 244613 110350
a 36 37 0 769076 1
a 35 36 0 489225 17
a 10 36 0 244613 191843
a 36 37 0 769076 1
a 35 37 0 769076 1
a 35 38 0 244613 546184
a 38 42 0 769076 1
a 38 47 0 244613 166
a 38 41 0 244613 22
a 38 40 0 244613 37
a 38 39 0 244613 54
a 29 38 0 244613 1435
a 7 38 0 244613 30347
a 12 39 0 244613 232691
a 39 42 0 769076 1
a 39 47 0 244613 160
a 39 44 0 244613 14259
a 39 41 0 244613 22
a 39 40 0 244613 31
a 38 39 0 244613 16
a 14 39 0 244613 362473
a 40 42 0 769076 2
a 40 45 0 244613 12236
a 40 41 0 244613 40
a 39 40 0 244613 22
a 38 40 0 244613 17
a 17 40 0 244613 421880
a 2 40 0 244613 273102
a 41 42 0 769076 1
a 41 47 0 244613 162
a 40 41 0 244613 22
a 39 41 0 244613 19
a 38 41 0 244613 16
a 30 41 0 244613 1301
a 20 41 0 244613 35443
a 41 42 0 769076 1
a 40 42 0 769076 2
a 39 42 0 769076 1
a 38 42 0 769076 1
a 15 43 0 244613 9692
a 1 43 0 244613 58556
a 39 44 0 244613 14519
a 30 44 0 244613 14016
a 28 44 0 244613 14663
a 40 45 0 244613 12268
a 33 45 0 244613 10808
a 31 45 0 244613 10680
a 35 46 0 244613 1764
a 18 46 0 244613 61644
a 41 47 0 244613 169
a 39 47 0 244613 168
a 38 47 0 244613 186
a 32 47 0 244613 1191
a 29 47 0 244613 1133
a 48 49 0 244613 4
a 26 48 0 244613 5
a 25 48 0 244613 4
a 27 48 0 769076 1
a 15 48 0 244613 261336
a 48 49 0 244613 4
a 26 49 0 244613 5
a 25 49 0 244613 5
a 27 49 0 769076 1
a 36 49 0 244613 106042
a 5 1 0 769076 1
a 9 1 0 244613 43196
a 43 1 0 244613 57476
a 4 1 0 244613 14
a 3 1 0 244613 16
a 2 1 0 244613 15
a 5 2 0 769076 2
a 21 2 0 244613 308222
a 40 2 0 244613 279665
a 4 2 0 244613 17
a 3 2 0 244613 17
a 2 1 0 244613 19
a 5 3 0 769076 1
a 33 3 0 244613 278639
a 17 3 0 244613 86141
a 4 3 0 244613 10
a 3 2 0 244613 17
a 3 1 0 244613 15
a 15 4 0 244613 55345
a 5 4 0 769076 1
a 28 4 0 244613 260778
a 4 3 0 244613 11
a 4 2 0 244613 18
a 4 1 0 244613 17
a 5 4 0 769076 1
a 5 3 0 769076 1
a 5 2 0 769076 2
a 5 1 0 769076 1
a 8 6 0 769076 1
a 21 6 0 244613 6509
a 11 6 0 244613 291963
a 7 6 0 489225 17
a 8 7 0 769076 1
a 38 7 0 244613 28472
a 30 7 0 244613 29404
a 7 6 0 489225 16
a 8 7 0 769076 1
a 8 6 0 769076 1
a 13 9 0 769076 2
a 26 9 0 244613 363511
a 12 9 0 244613 30
a 11 9 0 244613 32
a 10 9 0 244613 17
a 9 1 0 244613 41596
a 13 10 0 769076 2
a 15 10 0 244613 66731
a 36 10 0 244613 193852
a 18 10 0 244613 97704
a 12 10 0 244613 32
a 11 10 0 244613 34
a 10 9 0 244613 18
a 12 11 0 244613 15
a 13 11 0 769076 2
a 29 11 0 244613 258885
a 11 10 0 244613 26
a 11 9 0 244613 21
a 11 6 0 244613 289286
a 12 11 0 244613 14
a 39 12 0 244613 224751
a 13 12 0 769076 3
a 32 12 0 244613 259076
a 22 12 0 244613 297230
a 12 10 0 244613 24
a 12 9 0 244613 23
a 13 12 0 769076 3
a 13 11 0 769076 2
a 13 10 0 769076 2
a 13 9 0 769076 2
a 36 14 0 244613 94565
a 16 14 0 769076 1
a 32 14 0 244613 345636
a 39 14 0 244613 361287
a 15 14 0 489225 25
a 48 15 0 244613 250354
a 15 4 0 244613 55090
a 43 15 0 244613 9561
a 16 15 0 769076 1
a 15 14 0 489225 19
a 15 10 0 244613 65963
a 16 15 0 769076 1
a 16 14 0 769076 1
a 19 17 0 769076 2
a 40 17 0 244613 417137
a 18 17 0 489225 24
a 17 3 0 244613 92904
a 19 18 0 769076 1
a 35 18 0 244613 57517
a 46 18 0 244613 61268
a 18 17 0 489225 13
a 18 10 0 244613 111217
a 19 18 0 769076 1
a 19 17 0 769076 2
a 24 20 0 769076 1
a 41 20 0 244613 35282
a 23 20 0 244613 7
a 22 20 0 244613 13
a 21 20 0 244613 18
a 24 21 0 769076 1
a 23 21 0 244613 19
a 22 21 0 244613 22
a 21 20 0 244613 9
a 21 6 0 244613 6055
a 21 2 0 244613 343877
a 24 22 0 769076 1
a 23 22 0 244613 18
a 22 21 0 244613 14
a 22 20 0 244613 13
a 22 12 0 244613 300593
a 24 23 0 769076 1
a 28 23 0 244613 35348
a 23 22 0 244613 19
a 23 21 0 244613 12
a 23 20 0 244613 7
a 24 23 0 769076 1
a 24 22 0 769076 1
a 24 21 0 769076 1
a 24 20 0 769076 1
a 26 25 0 244613 9
a 48 25 0 244613 4
a 49 25 0 244613 4
a 27 25 0 769076 1
a 31 25 0 244613 756955
a 26 25 0 244613 7
a 48 26 0 244613 6
a 49 26 0 244613 7
a 27 26 0 769076 1
a 26 9 0 244613 371990
a 48 27 0 769076 1
a 49 27 0 769076 1
a 27 26 0 769076 1
a 27 25 0 769076 1
a 34 28 0 769076 1
a 44 28 0 244613 13788
a 33 28 0 244613 14
a 32 28 0 244613 21
a 31 28 0 244613 20
a 30 28 0 244613 23
a 29 28 0 244613 19
a 28 23 0 244613 36386
a 28 4 0 244613 285094
a 34 29 0 769076 1
a 38 29 0 244613 1301
a 47 29 0 244613 1129
a 33 29 0 244613 17
a 32 29 0 244613 5
a 31 29 0 244613 47
a 30 29 0 244613 17
a 29 28 0 244613 11
a 29 11 0 244613 256960
a 34 30 0 769076 1
a 41 30 0 244613 1327
a 44 30 0 244613 14213
a 33 30 0 244613 18
a 32 30 0 244613 18
a 31 30 0 244613 31
a 30 29 0 244613 12
a 30 28 0 244613 12
a 30 7 0 244613 29283
a 34 31 0 769076 1
a 45 31 0 244613 10637
a 33 31 0 244613 19
a 32 31 0 244613 24
a 31 30 0 244613 19
a 31 29 0 244613 17
a 31 28 0 244613 13
a 31 25 0 244613 758666
a 34 32 0 769076 1
a 47 32 0 244613 1148
a 33 32 0 244613 25
a 32 31 0 244613 20
a 32 30 0 244613 17
a 32 29 0 244613 7
a 32 28 0 244613 14
a 32 14 0 244613 404306
a 32 12 0 244613 259005
a 34 33 0 769076 1
a 45 33 0 244613 11302
a 33 32 0 244613 19
a 33 31 0 244613 19
a 33 30 0 244613 16
a 33 29 0 244613 15
a 33 28 0 244613 13
a 33 3 0 244613 269560
a 34 33 0 769076 1
a 34 32 0 769076 1
a 34 31 0 769076 1
a 34 30 0 769076 1
a 34 29 0 769076 1
a 34 28 0 769076 1
a 38 35 0 244613 535690
a 37 35 0 769076 1
a 46 35 0 244613 1772
a 36 35 0 489225 24
a 35 18 0 244613 62373
a 36 14 0 244613 99400
a 49 36 0 244613 110350
a 37 36 0 769076 1
a 36 35 0 489225 17
a 36 10 0 244613 191843
a 37 36 0 769076 1
a 37 35 0 769076 1
a 38 35 0 244613 546184
a 42 38 0 769076 1
a 47 38 0 244613 166
a 41 38 0 244613 22
a 40 38 0 244613 37
a 39 38 0 244613 54
a 38 29 0 244613 1435
a 38 7 0 244613 30347
a 39 12 0 244613 232691
a 42 39 0 769076 1
a 47 39 0 244613 160
a 44 39 0 244613 14259
a 41 39 0 244613 22
a 40 39 0 244613 31
a 39 38 0 244613 16
a 39 14 0 244613 362473
a 42 40 0 769076 2
a 45 40 0 244613 12236
a 41 40 0 244613 40
a 40 39 0 244613 22
a 40 38 0 244613 17
a 40 17 0 244613 421880
a 40 2 0 244613 273102
a 42 41 0 769076 1
a 47 41 0 244613 162
a 41 40 0 244613 22
a 41 39 0 244613 19
a 41 38 0 244613 16
a 41 30 0 244613 1301
a 41 20 0 244613 35443
a 42 41 0 769076 1
a 42 40 0 769076 2
a 42 39 0 769076 1
a 42 38 0 769076 1
a 43 15 0 244613 9692
a 43 1 0 244613 58556
a 44 39 0 244613 14519
a 44 30 0 244613 14016
a 44 28 0 244613 14663
a 45 40 0 244613 12268
a 45 33 0 244613 10808
a 45 31 0 244613 10680
a 46 35 0 244613 1764
a 46 18 0 244613 61644
a 47 41 0 244613 169
a 47 39 0 244613 168
a 47 38 0 244613 186
a 47 32 0 244613 1191
a 47 29 0 244613 1133
a 49 48 0 244613 4
a 48 26 0 244613 5
a 48 25 0 244613 4
a 48 27 0 769076 1
a 48 15 0 244613 261336
a 49 48 0 244613 4
a 49 26 0 244613 5
a 49 25 0 244613 5
a 49 27 0 769076 1
a 49 36 0 244613 106042

