c 451760 msec
p min 49 520
n 7 -769156
n 8 25985
n 9 25985
n 10 20788
n 11 20788
n 13 10394
n 14 10394
n 16 5197
n 17 5197
n 19 20788
n 20 15591
n 21 15591
n 22 15591
n 24 15591
n 25 10394
n 27 20788
n 28 25985
n 29 25985
n 30 20788
n 31 20788
n 32 20788
n 34 31182
n 35 31182
n 37 36379
n 38 36379
n 39 31182
n 40 36379
n 42 20788
n 43 57167
n 44 62364
n 45 5197
n 46 41576
n 47 10394
n 48 15591
a 1 5 0 769156 1
a 1 9 0 364449 32874
a 1 43 0 364449 49207
a 1 4 0 364449 1
a 1 3 0 364449 1
a 1 2 0 364449 1
a 2 5 0 769156 1
a 2 21 0 364449 402908
a 2 40 0 364449 390464
a 2 4 0 364449 1
a 2 3 0 364449 1
a 1 2 0 364449 1
a 3 5 0 769156 1
a 3 33 0 364449 387179
a 3 17 0 364449 117551
a 3 4 0 364449 1
a 2 3 0 364449 1
a 1 3 0 364449 1
a 4 15 0 364449 52849
a 4 5 0 769156 1
a 4 28 0 364449 390156
a 3 4 0 364449 1
a 2 4 0 364449 1
a 1 4 0 364449 1
a 4 5 0 769156 1
a 3 5 0 769156 1
a 2 5 0 769156 1
a 1 5 0 769156 1
a 6 8 0 769156 1
a 6 21 0 364449 3265
a 6 11 0 364449 385751
a 6 7 0 728897 1
a 7 8 0 769156 1
a 7 38 0 364449 20623
a 7 30 0 364449 21054
a 6 7 0 728897 1
a 7 8 0 769156 1
a 6 8 0 769156 1
a 9 13 0 769156 1
a 9 26 0 364449 397223
a 9 12 0 364449 2
a 9 11 0 364449 2
a 9 10 0 364449 1
a 1 9 0 364449 33040
a 10 13 0 769156 1
a 10 15 0 364449 75820
a 10 36 0 364449 204987
a 10 18 0 364449 142261
a 10 12 0 364449 2
a 10 11 0 364449 3
a 9 10 0 364449 1
a 11 12 0 364449 1
a 11 13 0 769156 1
a 11 29 0 364449 365932
a 10 11 0 364449 3
a 9 11 0 364449 2
a 6 11 0 364449 374871
a 11 12 0 364449 1
a 12 39 0 364449 365680
a 12 13 0 769156 1
a 12 32 0 364449 365062
a 12 22 0 364449 377396
a 10 12 0 364449 3
a 9 12 0 364449 2
a 12 13 0 769156 1
a 11 13 0 769156 1
a 10 13 0 769156 1
a 9 13 0 769156 1
a 14 36 0 364449 131724
a 14 16 0 769156 1
a 14 32 0 364449 431658
a 14 39 0 364449 442120
a 14 15 0 728897 1
a 15 48 0 364449 327782
a 4 15 0 364449 52131
a 15 43 0 364449 4349
a 15 16 0 769156 1
a 14 15 0 728897 1
a 10 15 0 364449 75227
a 15 16 0 769156 1
a 14 16 0 769156 1
a 17 19 0 769156 1
a 17 40 0 364449 496447
a 17 18 0 728897 1
a 3 17 0 364449 121226
a 18 19 0 769156 1
a 18 35 0 364449 63457
a 18 46 0 364449 63386
a 17 18 0 728897 1
a 10 18 0 364449 141551
a 18 19 0 769156 1
a 17 19 0 769156 1
a 20 24 0 769156 1
a 20 41 0 364449 22149
a 20 23 0 364449 1
a 20 22 0 364449 1
a 20 21 0 364449 1
a 21 24 0 769156 1
a 21 23 0 364449 1
a 21 22 0 364449 1
a 20 21 0 364449 1
a 6 21 0 364449 3249
a 2 21 0 364449 408898
a 22 24 0 769156 1
a 22 23 0 364449 1
a 21 22 0 364449 1
a 20 22 0 364449 1
a 12 22 0 364449 380958
a 23 24 0 769156 1
a 23 28 0 364449 22413
a 22 23 0 364449 1
a 21 23 0 364449 1
a 20 23 0 364449 1
a 23 24 0 769156 1
a 22 24 0 769156 1
a 21 24 0 769156 1
a 20 24 0 769156 1
a 25 26 0 364449 1
a 25 48 0 364449 1
a 25 49 0 364449 1
a 25 27 0 769156 1
a 25 31 0 364449 754867
a 25 26 0 364449 1
a 26 48 0 364449 1
a 26 49 0 364449 1
a 26 27 0 769156 1
a 9 26 0 364449 395716
a 27 48 0 769156 1
a 27 49 0 769156 1
a 26 27 0 769156 1
a 25 27 0 769156 1
a 28 34 0 769156 1
a 28 44 0 364449 7589
a 28 33 0 364449 1
a 28 32 0 364449 1
a 28 31 0 364449 1
a 28 30 0 364449 1
a 28 29 0 364449 1
a 23 28 0 364449 22174
a 4 28 0 364449 394061
a 29 34 0 769156 1
a 29 38 0 364449 410
a 29 47 0 364449 385
a 29 33 0 364449 1
a 29 32 0 364449 1
a 29 31 0 364449 4
a 29 30 0 364449 1
a 28 29 0 364449 1
a 11 29 0 364449 367498
a 30 34 0 769156 1
a 30 41 0 364449 377
a 30 44 0 364449 7632
a 30 33 0 364449 1
a 30 32 0 364449 1
a 30 31 0 364449 2
a 29 30 0 364449 1
a 28 30 0 364449 1
a 7 30 0 364449 21087
a 31 34 0 769156 1
a 31 45 0 364449 5209
a 31 33 0 364449 1
a 31 32 0 364449 1
a 30 31 0 364449 1
a 29 31 0 364449 1
a 28 31 0 364449 1
a 25 31 0 364449 758666
a 32 34 0 769156 1
a 32 47 0 364449 343
a 32 33 0 364449 1
a 31 32 0 364449 1
a 30 32 0 364449 1
a 29 32 0 364449 1
a 28 32 0 364449 1
a 14 32 0 364449 433450
a 12 32 0 364449 363320
a 33 34 0 769156 1
a 33 45 0 364449 5228
a 32 33 0 364449 1
a 31 33 0 364449 1
a 30 33 0 364449 1
a 29 33 0 364449 1
a 28 33 0 364449 1
a 3 33 0 364449 389442
a 33 34 0 769156 1
a 32 34 0 769156 1
a 31 34 0 769156 1
a 30 34 0 769156 1
a 29 34 0 769156 1
a 28 34 0 769156 1
a 35 38 0 364449 560002
a 35 37 0 769156 1
a 35 46 0 364449 490
a 35 36 0 728897 1
a 18 35 0 364449 62973
a 14 36 0 364449 134271
a 36 49 0 364449 197106
a 36 37 0 769156 1
a 35 36 0 728897 1
a 10 36 0 364449 205045
a 36 37 0 769156 1
a 35 37 0 769156 1
a 35 38 0 364449 595571
a 38 42 0 769156 1
a 38 47 0 364449 29
a 38 41 0 364449 1
a 38 40 0 364449 3
a 38 39 0 364449 5
a 29 38 0 364449 455
a 7 38 0 364449 20741
a 12 39 0 364449 365455
a 39 42 0 769156 1
a 39 47 0 364449 30
a 39 44 0 364449 7596
a 39 41 0 364449 1
a 39 40 0 364449 2
a 38 39 0 364449 1
a 14 39 0 364449 433401
a 40 42 0 769156 1
a 40 45 0 364449 5608
a 40 41 0 364449 3
a 39 40 0 364449 1
a 38 40 0 364449 1
a 17 40 0 364449 498676
a 2 40 0 364449 396263
a 41 42 0 769156 1
a 41 47 0 364449 29
a 40 41 0 364449 2
a 39 41 0 364449 1
a 38 41 0 364449 1
a 30 41 0 364449 400
a 20 41 0 364449 21880
a 41 42 0 769156 1
a 40 42 0 769156 1
a 39 42 0 769156 1
a 38 42 0 769156 1
a 15 43 0 364449 4336
a 1 43 0 364449 48303
a 39 44 0 364449 7584
a 30 44 0 364449 7291
a 28 44 0 364449 7343
a 40 45 0 364449 5574
a 33 45 0 364449 5599
a 31 45 0 364449 5618
a 35 46 0 364449 490
a 18 46 0 364449 63524
a 41 47 0 364449 31
a 39 47 0 364449 30
a 38 47 0 364449 29
a 32 47 0 364449 383
a 29 47 0 364449 354
a 48 49 0 364449 1
a 26 48 0 364449 1
a 25 48 0 364449 1
a 27 48 0 769156 1
a 15 48 0 364449 327221
a 48 49 0 364449 1
a 26 49 0 364449 1
a 25 49 0 364449 1
a 27 49 0 769156 1
a 36 49 0 364449 195829
a 5 1 0 769156 1
a 9 1 0 364449 32874
a 43 1 0 364449 49207
a 4 1 0 364449 1
a 3 1 0 364449 1
a 2 1 0 364449 1
a 5 2 0 769156 1
a 21 2 0 364449 402908
a 40 2 0 364449 390464
a 4 2 0 364449 1
a 3 2 0 364449 1
a 2 1 0 364449 1
a 5 3 0 769156 1
a 33 3 0 364449 387179
a 17 3 0 364449 117551
a 4 3 0 364449 1
a 3 2 0 364449 1
a 3 1 0 364449 1
a 15 4 0 364449 52849
a 5 4 0 769156 1
a 28 4 0 364449 390156
a 4 3 0 364449 1
a 4 2 0 364449 1
a 4 1 0 364449 1
a 5 4 0 769156 1
a 5 3 0 769156 1
a 5 2 0 769156 1
a 5 1 0 769156 1
a 8 6 0 769156 1
a 21 6 0 364449 3265
a 11 6 0 364449 385751
a 7 6 0 728897 1
a 8 7 0 769156 1
a 38 7 0 364449 20623
a 30 7 0 364449 21054
a 7 6 0 728897 1
a 8 7 0 769156 1
a 8 6 0 769156 1
a 13 9 0 769156 1
a 26 9 0 364449 397223
a 12 9 0 364449 2
a 11 9 0 364449 2
a 10 9 0 364449 1
a 9 1 0 364449 33040
a 13 10 0 769156 1
a 15 10 0 364449 75820
a 36 10 0 364449 204987
a 18 10 0 364449 142261
a 12 10 0 364449 2
a 11 10 0 364449 3
a 10 9 0 364449 1
a 12 11 0 364449 1
a 13 11 0 769156 1
a 29 11 0 364449 365932
a 11 10 0 364449 3
a 11 9 0 364449 2
a 11 6 0 364449 374871
a 12 11 0 364449 1
a 39 12 0 364449 365680
a 13 12 0 769156 1
a 32 12 0 364449 365062
a 22 12 0 364449 377396
a 12 10 0 364449 3
a 12 9 0 364449 2
a 13 12 0 769156 1
a 13 11 0 769156 1
a 13 10 0 769156 1
a 13 9 0 769156 1
a 36 14 0 364449 131724
a 16 14 0 769156 1
a 32 14 0 364449 431658
a 39 14 0 364449 442120
a 15 14 0 728897 1
a 48 15 0 364449 327782
a 15 4 0 364449 52131
a 43 15 0 364449 4349
a 16 15 0 769156 1
a 15 14 0 728897 1
a 15 10 0 364449 75227
a 16 15 0 769156 1
a 16 14 0 769156 1
a 19 17 0 769156 1
a 40 17 0 364449 496447
a 18 17 0 728897 1
a 17 3 0 364449 121226
a 19 18 0 769156 1
a 35 18 0 364449 63457
a 46 18 0 364449 63386
a 18 17 0 728897 1
a 18 10 0 364449 141551
a 19 18 0 769156 1
a 19 17 0 769156 1
a 24 20 0 769156 1
a 41 20 0 364449 22149
a 23 20 0 364449 1
a 22 20 0 364449 1
a 21 20 0 364449 1
a 24 21 0 769156 1
a 23 21 0 364449 1
a 22 21 0 364449 1
a 21 20 0 364449 1
a 21 6 0 364449 3249
a 21 2 0 364449 408898
a 24 22 0 769156 1
a 23 22 0 364449 1
a 22 21 0 364449 1
a 22 20 0 364449 1
a 22 12 0 364449 380958
a 24 23 0 769156 1
a 28 23 0 364449 22413
a 23 22 0 364449 1
a 23 21 0 364449 1
a 23 20 0 364449 1
a 24 23 0 769156 1
a 24 22 0 769156 1
a 24 21 0 769156 1
a 24 20 0 769156 1
a 26 25 0 364449 1
a 48 25 0 364449 1
a 49 25 0 364449 1
a 27 25 0 769156 1
a 31 25 0 364449 754867
a 26 25 0 364449 1
a 48 26 0 364449 1
a 49 26 0 364449 1
a 27 26 0 769156 1
a 26 9 0 364449 395716
a 48 27 0 769156 1
a 49 27 0 769156 1
a 27 26 0 769156 1
a 27 25 0 769156 1
a 34 28 0 769156 1
a 44 28 0 364449 7589
a 33 28 0 364449 1
a 32 28 0 364449 1
a 31 28 0 364449 1
a 30 28 0 364449 1
a 29 28 0 364449 1
a 28 23 0 364449 22174
a 28 4 0 364449 394061
a 34 29 0 769156 1
a 38 29 0 364449 410
a 47 29 0 364449 385
a 33 29 0 364449 1
a 32 29 0 364449 1
a 31 29 0 364449 4
a 30 29 0 364449 1
a 29 28 0 364449 1
a 29 11 0 364449 367498
a 34 30 0 769156 1
a 41 30 0 364449 377
a 44 30 0 364449 7632
a 33 30 0 364449 1
a 32 30 0 364449 1
a 31 30 0 364449 2
a 30 29 0 364449 1
a 30 28 0 364449 1
a 30 7 0 364449 21087
a 34 31 0 769156 1
a 45 31 0 364449 5209
a 33 31 0 364449 1
a 32 31 0 364449 1
a 31 30 0 364449 1
a 31 29 0 364449 1
a 31 28 0 364449 1
a 31 25 0 364449 758666
a 34 32 0 769156 1
a 47 32 0 364449 343
a 33 32 0 364449 1
a 32 31 0 364449 1
a 32 30 0 364449 1
a 32 29 0 364449 1
a 32 28 0 364449 1
a 32 14 0 364449 433450
a 32 12 0 364449 363320
a 34 33 0 769156 1
a 45 33 0 364449 5228
a 33 32 0 364449 1
a 33 31 0 364449 1
a 33 30 0 364449 1
a 33 29 0 364449 1
a 33 28 0 364449 1
a 33 3 0 364449 389442
a 34 33 0 769156 1
a 34 32 0 769156 1
a 34 31 0 769156 1
a 34 30 0 769156 1
a 34 29 0 769156 1
a 34 28 0 769156 1
a 38 35 0 364449 560002
a 37 35 0 769156 1
a 46 35 0 364449 490
a 36 35 0 728897 1
a 35 18 0 364449 62973
a 36 14 0 364449 134271
a 49 36 0 364449 197106
a 37 36 0 769156 1
a 36 35 0 728897 1
a 36 10 0 364449 205045
a 37 36 0 769156 1
a 37 35 0 769156 1
a 38 35 0 364449 595571
a 42 38 0 769156 1
a 47 38 0 364449 29
a 41 38 0 364449 1
a 40 38 0 364449 3
a 39 38 0 364449 5
a 38 29 0 364449 455
a 38 7 0 364449 20741
a 39 12 0 364449 365455
a 42 39 0 769156 1
a 47 39 0 364449 30
a 44 39 0 364449 7596
a 41 39 0 364449 1
a 40 39 0 364449 2
a 39 38 0 364449 1
a 39 14 0 364449 433401
a 42 40 0 769156 1
a 45 40 0 364449 5608
a 41 40 0 364449 3
a 40 39 0 364449 1
a 40 38 0 364449 1
a 40 17 0 364449 498676
a 40 2 0 364449 396263
a 42 41 0 769156 1
a 47 41 0 364449 29
a 41 40 0 364449 2
a 41 39 0 364449 1
a 41 38 0 364449 1
a 41 30 0 364449 400
a 41 20 0 364449 21880
a 42 41 0 769156 1
a 42 40 0 769156 1
a 42 39 0 769156 1
a 42 38 0 769156 1
a 43 15 0 364449 4336
a 43 1 0 364449 48303
a 44 39 0 364449 7584
a 44 30 0 364449 7291
a 44 28 0 364449 7343
a 45 40 0 364449 5574
a 45 33 0 364449 5599
a 45 31 0 364449 5618
a 46 35 0 364449 490
a 46 18 0 364449 63524
a 47 41 0 364449 31
a 47 39 0 364449 30
a 47 38 0 364449 29
a 47 32 0 364449 383
a 47 29 0 364449 354
a 49 48 0 364449 1
a 48 26 0 364449 1
a 48 25 0 364449 1
a 48 27 0 769156 1
a 48 15 0 364449 327221
a 49 48 0 364449 1
a 49 26 0 364449 1
a 49 25 0 364449 1
a 49 27 0 769156 1
a 49 36 0 364449 195829

