c 460 msec
p min 49 520
n 26 -769076
n 27 30492
n 28 30492
n 29 30492
n 30 30492
n 31 30492
n 32 30492
n 34 33880
n 35 37268
n 37 50820
n 38 47432
n 39 47432
n 40 47432
n 42 20328
n 43 115192
n 44 37268
n 45 23716
n 46 125356
a 1 5 0 769076 1126
a 1 9 0 262471 127869
a 1 43 0 262471 142445
a 1 4 0 262471 3952
a 1 3 0 262471 3947
a 1 2 0 262471 3881
a 2 5 0 769076 1196
a 2 21 0 262471 352904
a 2 40 0 262471 272237
a 2 4 0 262471 3921
a 2 3 0 262471 3957
a 1 2 0 262471 4477
a 3 5 0 769076 1103
a 3 33 0 262471 252709
a 3 17 0 262471 144674
a 3 4 0 262471 3078
a 2 3 0 262471 3928
a 1 3 0 262471 3888
a 4 15 0 262471 122783
a 4 5 0 769076 1104
a 4 28 0 262471 252647
a 3 4 0 262471 3256
a 2 4 0 262471 4184
a 1 4 0 262471 4498
a 4 5 0 769076 1108
a 3 5 0 769076 1108
a 2 5 0 769076 1177
a 1 5 0 769076 1124
a 6 8 0 769076 1007
a 6 21 0 262471 48317
a 6 11 0 262471 302242
a 6 7 0 524942 3824
a 7 8 0 769076 1059
a 7 38 0 262471 79624
a 7 30 0 262471 100432
a 6 7 0 524942 3860
a 7 8 0 769076 1057
a 6 8 0 769076 1007
a 9 13 0 769076 1199
a 9 26 0 262471 375737
a 9 12 0 262471 5064
a 9 11 0 262471 5024
a 9 10 0 262471 4085
a 1 9 0 262471 127335
a 10 13 0 769076 1302
a 10 15 0 262471 133933
a 10 36 0 262471 259414
a 10 18 0 262471 154105
a 10 12 0 262471 5168
a 10 11 0 262471 5558
a 9 10 0 262471 4154
a 11 12 0 262471 3979
a 11 13 0 769076 1261
a 11 29 0 262471 237340
a 10 11 0 262471 4709
a 9 11 0 262471 4571
a 6 11 0 262471 308879
a 11 12 0 262471 3809
a 12 39 0 262471 250650
a 12 13 0 769076 1488
a 12 32 0 262471 240819
a 12 22 0 262471 346978
a 10 12 0 262471 4646
a 9 12 0 262471 4849
a 12 13 0 769076 1490
a 11 13 0 769076 1271
a 10 13 0 769076 1301
a 9 13 0 769076 1212
a 14 36 0 262471 144636
a 14 16 0 769076 1099
a 14 32 0 262471 342741
a 14 39 0 262471 345305
a 14 15 0 524942 4599
a 15 48 0 262471 268389
a 4 15 0 262471 111884
a 15 43 0 262471 64043
a 15 16 0 769076 1086
a 14 15 0 524942 4105
a 10 15 0 262471 127986
a 15 16 0 769076 1086
a 14 16 0 769076 1100
a 17 19 0 769076 1209
a 17 40 0 262471 384601
a 17 18 0 524942 4507
a 3 17 0 262471 142420
a 18 19 0 769076 1121
a 18 35 0 262471 113825
a 18 46 0 262471 136972
a 17 18 0 524942 3437
a 10 18 0 262471 152344
a 18 19 0 769076 1137
a 17 19 0 769076 1209
a 20 24 0 769076 975
a 20 41 0 262471 114051
a 20 23 0 262471 2437
a 20 22 0 262471 3367
a 20 21 0 262471 3882
a 21 24 0 769076 989
a 21 23 0 262471 3993
a 21 22 0 262471 4287
a 20 21 0 262471 2870
a 6 21 0 262471 46243
a 2 21 0 262471 342011
a 22 24 0 769076 969
a 22 23 0 262471 3863
a 21 22 0 262471 3592
a 20 22 0 262471 3350
a 12 22 0 262471 344900
a 23 24 0 769076 984
a 23 28 0 262471 127260
a 22 23 0 262471 3968
a 21 23 0 262471 3490
a 20 23 0 262471 2450
a 23 24 0 769076 986
a 22 24 0 769076 967
a 21 24 0 769076 998
a 20 24 0 769076 977
a 25 26 0 262471 2774
a 25 48 0 262471 1839
a 25 49 0 262471 2062
a 25 27 0 769076 1045
a 25 31 0 262471 758666
a 25 26 0 262471 2681
a 26 48 0 262471 2185
a 26 49 0 262471 2410
a 26 27 0 769076 990
a 9 26 0 262471 373232
a 27 48 0 769076 990
a 27 49 0 769076 978
a 26 27 0 769076 991
a 25 27 0 769076 1031
a 28 34 0 769076 1041
a 28 44 0 262471 84041
a 28 33 0 262471 3507
a 28 32 0 262471 4209
a 28 31 0 262471 3988
a 28 30 0 262471 4670
a 28 29 0 262471 4040
a 23 28 0 262471 123325
a 4 28 0 262471 247926
a 29 34 0 769076 1018
a 29 38 0 262471 27124
a 29 47 0 262471 22154
a 29 33 0 262471 3909
a 29 32 0 262471 2153
a 29 31 0 262471 6093
a 29 30 0 262471 3948
a 28 29 0 262471 3586
a 11 29 0 262471 237723
a 30 34 0 769076 1073
a 30 41 0 262471 28468
a 30 44 0 262471 71243
a 30 33 0 262471 3911
a 30 32 0 262471 4052
a 30 31 0 262471 4966
a 29 30 0 262471 3599
a 28 30 0 262471 3470
a 7 30 0 262471 99830
a 31 34 0 769076 1033
a 31 45 0 262471 67077
a 31 33 0 262471 3867
a 31 32 0 262471 4569
a 30 31 0 262471 4252
a 29 31 0 262471 3916
a 28 31 0 262471 3609
a 25 31 0 262471 707793
a 32 34 0 769076 1113
a 32 47 0 262471 21804
a 32 33 0 262471 4475
a 31 32 0 262471 4120
a 30 32 0 262471 4023
a 29 32 0 262471 2249
a 28 32 0 262471 3847
a 14 32 0 262471 406883
a 12 32 0 262471 238405
a 33 34 0 769076 964
a 33 45 0 262471 65964
a 32 33 0 262471 4062
a 31 33 0 262471 3880
a 30 33 0 262471 3931
a 29 33 0 262471 3745
a 28 33 0 262471 3551
a 3 33 0 262471 260325
a 33 34 0 769076 964
a 32 34 0 769076 1117
a 31 34 0 769076 1034
a 30 34 0 769076 1072
a 29 34 0 769076 1019
a 28 34 0 769076 1049
a 35 38 0 262471 501270
a 35 37 0 769076 1163
a 35 46 0 262471 30610
a 35 36 0 524942 4586
a 18 35 0 262471 113025
a 14 36 0 262471 148532
a 36 49 0 262471 126377
a 36 37 0 769076 1170
a 35 36 0 524942 4240
a 10 36 0 262471 249375
a 36 37 0 769076 1169
a 35 37 0 769076 1164
a 35 38 0 262471 480623
a 38 42 0 769076 1117
a 38 47 0 262471 9033
a 38 41 0 262471 4234
a 38 40 0 262471 5335
a 38 39 0 262471 6569
a 29 38 0 262471 26765
a 7 38 0 262471 83580
a 12 39 0 262471 247312
a 39 42 0 769076 1154
a 39 47 0 262471 9143
a 39 44 0 262471 71407
a 39 41 0 262471 4551
a 39 40 0 262471 5040
a 38 39 0 262471 4014
a 14 39 0 262471 392156
a 40 42 0 769076 1275
a 40 45 0 262471 72907
a 40 41 0 262471 5890
a 39 40 0 262471 4248
a 38 40 0 262471 4352
a 17 40 0 262471 375508
a 2 40 0 262471 269362
a 41 42 0 769076 1119
a 41 47 0 262471 8435
a 40 41 0 262471 4586
a 39 41 0 262471 4087
a 38 41 0 262471 4066
a 30 41 0 262471 26179
a 20 41 0 262471 125071
a 41 42 0 769076 1119
a 40 42 0 769076 1278
a 39 42 0 769076 1153
a 38 42 0 769076 1117
a 15 43 0 262471 63435
a 1 43 0 262471 143408
a 39 44 0 262471 72902
a 30 44 0 262471 79801
a 28 44 0 262471 71971
a 40 45 0 262471 73826
a 33 45 0 262471 65813
a 31 45 0 262471 67023
a 35 46 0 262471 29987
a 18 46 0 262471 137036
a 41 47 0 262471 7840
a 39 47 0 262471 9092
a 38 47 0 262471 8628
a 32 47 0 262471 21865
a 29 47 0 262471 26185
a 48 49 0 262471 1785
a 26 48 0 262471 2137
a 25 48 0 262471 1973
a 27 48 0 769076 994
a 15 48 0 262471 258308
a 48 49 0 262471 1842
a 26 49 0 262471 1974
a 25 49 0 262471 1970
a 27 49 0 769076 964
a 36 49 0 262471 127536
a 5 1 0 769076 1126
a 9 1 0 262471 127869
a 43 1 0 262471 142445
a 4 1 0 262471 3952
a 3 1 0 262471 3947
a 2 1 0 262471 3881
a 5 2 0 769076 1196
a 21 2 0 262471 352904
a 40 2 0 262471 272237
a 4 2 0 262471 3921
a 3 2 0 262471 3957
a 2 1 0 262471 4477
a 5 3 0 769076 1103
a 33 3 0 262471 252709
a 17 3 0 262471 144674
a 4 3 0 262471 3078
a 3 2 0 262471 3928
a 3 1 0 262471 3888
a 15 4 0 262471 122783
a 5 4 0 769076 1104
a 28 4 0 262471 252647
a 4 3 0 262471 3256
a 4 2 0 262471 4184
a 4 1 0 262471 4498
a 5 4 0 769076 1108
a 5 3 0 769076 1108
a 5 2 0 769076 1177
a 5 1 0 769076 1124
a 8 6 0 769076 1007
a 21 6 0 262471 48317
a 11 6 0 262471 302242
a 7 6 0 524942 3824
a 8 7 0 769076 1059
a 38 7 0 262471 79624
a 30 7 0 262471 100432
a 7 6 0 524942 3860
a 8 7 0 769076 1057
a 8 6 0 769076 1007
a 13 9 0 769076 1199
a 26 9 0 262471 375737
a 12 9 0 262471 5064
a 11 9 0 262471 5024
a 10 9 0 262471 4085
a 9 1 0 262471 127335
a 13 10 0 769076 1302
a 15 10 0 262471 133933
a 36 10 0 262471 259414
a 18 10 0 262471 154105
a 12 10 0 262471 5168
a 11 10 0 262471 5558
a 10 9 0 262471 4154
a 12 11 0 262471 3979
a 13 11 0 769076 1261
a 29 11 0 262471 237340
a 11 10 0 262471 4709
a 11 9 0 262471 4571
a 11 6 0 262471 308879
a 12 11 0 262471 3809
a 39 12 0 262471 250650
a 13 12 0 769076 1488
a 32 12 0 262471 240819
a 22 12 0 262471 346978
a 12 10 0 262471 4646
a 12 9 0 262471 4849
a 13 12 0 769076 1490
a 13 11 0 769076 1271
a 13 10 0 769076 1301
a 13 9 0 769076 1212
a 36 14 0 262471 144636
a 16 14 0 769076 1099
a 32 14 0 262471 342741
a 39 14 0 262471 345305
a 15 14 0 524942 4599
a 48 15 0 262471 268389
a 15 4 0 262471 111884
a 43 15 0 262471 64043
a 16 15 0 769076 1086
a 15 14 0 524942 4105
a 15 10 0 262471 127986
a 16 15 0 769076 1086
a 16 14 0 769076 1100
a 19 17 0 769076 1209
a 40 17 0 262471 384601
a 18 17 0 524942 4507
a 17 3 0 262471 142420
a 19 18 0 769076 1121
a 35 18 0 262471 113825
a 46 18 0 262471 136972
a 18 17 0 524942 3437
a 18 10 0 262471 152344
a 19 18 0 769076 1137
a 19 17 0 769076 1209
a 24 20 0 769076 975
a 41 20 0 262471 114051
a 23 20 0 262471 2437
a 22 20 0 262471 3367
a 21 20 0 262471 3882
a 24 21 0 769076 989
a 23 21 0 262471 3993
a 22 21 0 262471 4287
a 21 20 0 262471 2870
a 21 6 0 262471 46243
a 21 2 0 262471 342011
a 24 22 0 769076 969
a 23 22 0 262471 3863
a 22 21 0 262471 3592
a 22 20 0 262471 3350
a 22 12 0 262471 344900
a 24 23 0 769076 984
a 28 23 0 262471 127260
a 23 22 0 262471 3968
a 23 21 0 262471 3490
a 23 20 0 262471 2450
a 24 23 0 769076 986
a 24 22 0 769076 967
a 24 21 0 769076 998
a 24 20 0 769076 977
a 26 25 0 262471 2774
a 48 25 0 262471 1839
a 49 25 0 262471 2062
a 27 25 0 769076 1045
a 31 25 0 262471 758666
a 26 25 0 262471 2681
a 48 26 0 262471 2185
a 49 26 0 262471 2410
a 27 26 0 769076 990
a 26 9 0 262471 373232
a 48 27 0 769076 990
a 49 27 0 769076 978
a 27 26 0 769076 991
a 27 25 0 769076 1031
a 34 28 0 769076 1041
a 44 28 0 262471 84041
a 33 28 0 262471 3507
a 32 28 0 262471 4209
a 31 28 0 262471 3988
a 30 28 0 262471 4670
a 29 28 0 262471 4040
a 28 23 0 262471 123325
a 28 4 0 262471 247926
a 34 29 0 769076 1018
a 38 29 0 262471 27124
a 47 29 0 262471 22154
a 33 29 0 262471 3909
a 32 29 0 262471 2153
a 31 29 0 262471 6093
a 30 29 0 262471 3948
a 29 28 0 262471 3586
a 29 11 0 262471 237723
a 34 30 0 769076 1073
a 41 30 0 262471 28468
a 44 30 0 262471 71243
a 33 30 0 262471 3911
a 32 30 0 262471 4052
a 31 30 0 262471 4966
a 30 29 0 262471 3599
a 30 28 0 262471 3470
a 30 7 0 262471 99830
a 34 31 0 769076 1033
a 45 31 0 262471 67077
a 33 31 0 262471 3867
a 32 31 0 262471 4569
a 31 30 0 262471 4252
a 31 29 0 262471 3916
a 31 28 0 262471 3609
a 31 25 0 262471 707793
a 34 32 0 769076 1113
a 47 32 0 262471 21804
a 33 32 0 262471 4475
a 32 31 0 262471 4120
a 32 30 0 262471 4023
a 32 29 0 262471 2249
a 32 28 0 262471 3847
a 32 14 0 262471 406883
a 32 12 0 262471 238405
a 34 33 0 769076 964
a 45 33 0 262471 65964
a 33 32 0 262471 4062
a 33 31 0 262471 3880
a 33 30 0 262471 3931
a 33 29 0 262471 3745
a 33 28 0 262471 3551
a 33 3 0 262471 260325
a 34 33 0 769076 964
a 34 32 0 769076 1117
a 34 31 0 769076 1034
a 34 30 0 769076 1072
a 34 29 0 769076 1019
a 34 28 0 769076 1049
a 38 35 0 262471 501270
a 37 35 0 769076 1163
a 46 35 0 262471 30610
a 36 35 0 524942 4586
a 35 18 0 262471 113025
a 36 14 0 262471 148532
a 49 36 0 262471 126377
a 37 36 0 769076 1170
a 36 35 0 524942 4240
a 36 10 0 262471 249375
a 37 36 0 769076 1169
a 37 35 0 769076 1164
a 38 35 0 262471 480623
a 42 38 0 769076 1117
a 47 38 0 262471 9033
a 41 38 0 262471 4234
a 40 38 0 262471 5335
a 39 38 0 262471 6569
a 38 29 0 262471 26765
a 38 7 0 262471 83580
a 39 12 0 262471 247312
a 42 39 0 769076 1154
a 47 39 0 262471 9143
a 44 39 0 262471 71407
a 41 39 0 262471 4551
a 40 39 0 262471 5040
a 39 38 0 262471 4014
a 39 14 0 262471 392156
a 42 40 0 769076 1275
a 45 40 0 262471 72907
a 41 40 0 262471 5890
a 40 39 0 262471 4248
a 40 38 0 262471 4352
a 40 17 0 262471 375508
a 40 2 0 262471 269362
a 42 41 0 769076 1119
a 47 41 0 262471 8435
a 41 40 0 262471 4586
a 41 39 0 262471 4087
a 41 38 0 262471 4066
a 41 30 0 262471 26179
a 41 20 0 262471 125071
a 42 41 0 769076 1119
a 42 40 0 769076 1278
a 42 39 0 769076 1153
a 42 38 0 769076 1117
a 43 15 0 262471 63435
a 43 1 0 262471 143408
a 44 39 0 262471 72902
a 44 30 0 262471 79801
a 44 28 0 262471 71971
a 45 40 0 262471 73826
a 45 33 0 262471 65813
a 45 31 0 262471 67023
a 46 35 0 262471 29987
a 46 18 0 262471 137036
a 47 41 0 262471 7840
a 47 39 0 262471 9092
a 47 38 0 262471 8628
a 47 32 0 262471 21865
a 47 29 0 262471 26185
a 49 48 0 262471 1785
a 48 26 0 262471 2137
a 48 25 0 262471 1973
a 48 27 0 769076 994
a 48 15 0 262471 258308
a 49 48 0 262471 1842
a 49 26 0 262471 1974
a 49 25 0 262471 1970
a 49 27 0 769076 964
a 49 36 0 262471 127536

