c 35620 msec
p min 49 520
n 12 -768912
n 13 9960
n 14 7968
n 16 27888
n 17 27888
n 19 23904
n 20 23904
n 21 25896
n 22 25896
n 24 11952
n 25 13944
n 27 21912
n 28 21912
n 29 21912
n 30 23904
n 31 23904
n 32 23904
n 34 23904
n 35 21912
n 37 45816
n 38 45816
n 39 45816
n 40 45816
n 42 11952
n 43 69720
n 44 39840
n 45 5976
n 46 49800
n 47 13944
n 48 11952
a 1 5 0 768912 1
a 1 9 0 144312 48627
a 1 43 0 144312 60988
a 1 4 0 144312 10
a 1 3 0 144312 12
a 1 2 0 144312 14
a 2 5 0 768912 2
a 2 21 0 144312 321997
a 2 40 0 144312 268472
a 2 4 0 144312 16
a 2 3 0 144312 15
a 1 2 0 144312 18
a 3 5 0 768912 1
a 3 33 0 144312 263079
a 3 17 0 144312 86560
a 3 4 0 144312 10
a 2 3 0 144312 18
a 1 3 0 144312 14
a 4 15 0 144312 60663
a 4 5 0 768912 1
a 4 28 0 144312 266295
a 3 4 0 144312 17
a 2 4 0 144312 15
a 1 4 0 144312 12
a 4 5 0 768912 1
a 3 5 0 768912 1
a 2 5 0 768912 2
a 1 5 0 768912 1
a 6 8 0 768912 1
a 6 21 0 144312 5562
a 6 11 0 144312 279489
a 6 7 0 288624 16
a 7 8 0 768912 1
a 7 38 0 144312 26388
a 7 30 0 144312 28419
a 6 7 0 288624 11
a 7 8 0 768912 1
a 6 8 0 768912 1
a 9 13 0 768912 2
a 9 26 0 144312 357157
a 9 12 0 144312 46
a 9 11 0 144312 26
a 9 10 0 144312 13
a 1 9 0 144312 47123
a 10 13 0 768912 2
a 10 15 0 144312 65136
a 10 36 0 144312 187421
a 10 18 0 144312 98957
a 10 12 0 144312 49
a 10 11 0 144312 20
a 9 10 0 144312 19
a 11 12 0 144312 17
a 11 13 0 768912 2
a 11 29 0 144312 229319
a 10 11 0 144312 26
a 9 11 0 144312 16
a 6 11 0 144312 281676
a 11 12 0 144312 19
a 12 39 0 144312 235436
a 12 13 0 768912 3
a 12 32 0 144312 231722
a 12 22 0 144312 298275
a 10 12 0 144312 28
a 9 12 0 144312 26
a 12 13 0 768912 3
a 11 13 0 768912 2
a 10 13 0 768912 2
a 9 13 0 768912 2
a 14 36 0 144312 89033
a 14 16 0 768912 1
a 14 32 0 144312 335378
a 14 39 0 144312 349873
a 14 15 0 288624 18
a 15 48 0 144312 231402
a 4 15 0 144312 57861
a 15 43 0 144312 8448
a 15 16 0 768912 1
a 14 15 0 288624 15
a 10 15 0 144312 69081
a 15 16 0 768912 1
a 14 16 0 768912 1
a 17 19 0 768912 2
a 17 40 0 144312 413062
a 17 18 0 288624 20
a 3 17 0 144312 92773
a 18 19 0 768912 1
a 18 35 0 144312 62534
a 18 46 0 144312 63050
a 17 18 0 288624 13
a 10 18 0 144312 99001
a 18 19 0 768912 1
a 17 19 0 768912 2
a 20 24 0 768912 1
a 20 41 0 144312 34388
a 20 23 0 144312 5
a 20 22 0 144312 13
a 20 21 0 144312 13
a 21 24 0 768912 1
a 21 23 0 144312 14
a 21 22 0 144312 18
a 20 21 0 144312 9
a 6 21 0 144312 5499
a 2 21 0 144312 310909
a 22 24 0 768912 1
a 22 23 0 144312 16
a 21 22 0 144312 11
a 20 22 0 144312 15
a 12 22 0 144312 289314
a 23 24 0 768912 1
a 23 28 0 144312 35123
a 22 23 0 144312 28
a 21 23 0 144312 7
a 20 23 0 144312 7
a 23 24 0 768912 1
a 22 24 0 768912 1
a 21 24 0 768912 1
a 20 24 0 768912 1
a 25 26 0 144312 5
a 25 48 0 144312 4
a 25 49 0 144312 4
a 25 27 0 768912 1
a 25 31 0 144312 742626
a 25 26 0 144312 4
a 26 48 0 144312 11
a 26 49 0 144312 6
a 26 27 0 768912 1
a 9 26 0 144312 357191
a 27 48 0 768912 1
a 27 49 0 768912 1
a 26 27 0 768912 1
a 25 27 0 768912 1
a 28 34 0 768912 1
a 28 44 0 144312 13279
a 28 33 0 144312 12
a 28 32 0 144312 43
a 28 31 0 144312 21
a 28 30 0 144312 15
a 28 29 0 144312 18
a 23 28 0 144312 34711
a 4 28 0 144312 290613
a 29 34 0 768912 1
a 29 38 0 144312 1442
a 29 47 0 144312 1467
a 29 33 0 144312 19
a 29 32 0 144312 5
a 29 31 0 144312 75
a 29 30 0 144312 13
a 28 29 0 144312 10
a 11 29 0 144312 230863
a 30 34 0 768912 1
a 30 41 0 144312 1239
a 30 44 0 144312 13489
a 30 33 0 144312 14
a 30 32 0 144312 20
a 30 31 0 144312 65
a 29 30 0 144312 13
a 28 30 0 144312 17
a 7 30 0 144312 27916
a 31 34 0 768912 1
a 31 45 0 144312 10955
a 31 33 0 144312 15
a 31 32 0 144312 39
a 30 31 0 144312 16
a 29 31 0 144312 13
a 28 31 0 144312 14
a 25 31 0 144312 758666
a 32 34 0 768912 1
a 32 47 0 144312 1188
a 32 33 0 144312 32
a 31 32 0 144312 20
a 30 32 0 144312 16
a 29 32 0 144312 6
a 28 32 0 144312 18
a 14 32 0 144312 347348
a 12 32 0 144312 230061
a 33 34 0 768912 1
a 33 45 0 144312 10893
a 32 33 0 144312 16
a 31 33 0 144312 12
a 30 33 0 144312 18
a 29 33 0 144312 10
a 28 33 0 144312 16
a 3 33 0 144312 258942
a 33 34 0 768912 1
a 32 34 0 768912 1
a 31 34 0 768912 1
a 30 34 0 768912 1
a 29 34 0 768912 1
a 28 34 0 768912 1
a 35 38 0 144312 522326
a 35 37 0 768912 1
a 35 46 0 144312 1639
a 35 36 0 288624 24
a 18 35 0 144312 58903
a 14 36 0 144312 88740
a 36 49 0 144312 101534
a 36 37 0 768912 1
a 35 36 0 288624 21
a 10 36 0 144312 190751
a 36 37 0 768912 1
a 35 37 0 768912 1
a 35 38 0 144312 525920
a 38 42 0 768912 1
a 38 47 0 144312 166
a 38 41 0 144312 22
a 38 40 0 144312 54
a 38 39 0 144312 85
a 29 38 0 144312 1301
a 7 38 0 144312 27634
a 12 39 0 144312 231161
a 39 42 0 768912 1
a 39 47 0 144312 178
a 39 44 0 144312 14581
a 39 41 0 144312 22
a 39 40 0 144312 37
a 38 39 0 144312 18
a 14 39 0 144312 354710
a 40 42 0 768912 2
a 40 45 0 144312 12292
a 40 41 0 144312 32
a 39 40 0 144312 28
a 38 40 0 144312 22
a 17 40 0 144312 397186
a 2 40 0 144312 265866
a 41 42 0 768912 1
a 41 47 0 144312 185
a 40 41 0 144312 20
a 39 41 0 144312 22
a 38 41 0 144312 22
a 30 41 0 144312 1354
a 20 41 0 144312 33839
a 41 42 0 768912 1
a 40 42 0 768912 2
a 39 42 0 768912 1
a 38 42 0 768912 1
a 15 43 0 144312 8290
a 1 43 0 144312 60973
a 39 44 0 144312 13897
a 30 44 0 144312 13435
a 28 44 0 144312 14072
a 40 45 0 144312 12190
a 33 45 0 144312 11117
a 31 45 0 144312 11696
a 35 46 0 144312 1637
a 18 46 0 144312 63095
a 41 47 0 144312 180
a 39 47 0 144312 170
a 38 47 0 144312 180
a 32 47 0 144312 1132
a 29 47 0 144312 968
a 48 49 0 144312 4
a 26 48 0 144312 5
a 25 48 0 144312 3
a 27 48 0 768912 1
a 15 48 0 144312 240458
a 48 49 0 144312 4
a 26 49 0 144312 4
a 25 49 0 144312 4
a 27 49 0 768912 1
a 36 49 0 144312 101634
a 5 1 0 768912 1
a 9 1 0 144312 48627
a 43 1 0 144312 60988
a 4 1 0 144312 10
a 3 1 0 144312 12
a 2 1 0 144312 14
a 5 2 0 768912 2
a 21 2 0 144312 321997
a 40 2 0 144312 268472
a 4 2 0 144312 16
a 3 2 0 144312 15
a 2 1 0 144312 18
a 5 3 0 768912 1
a 33 3 0 144312 263079
a 17 3 0 144312 86560
a 4 3 0 144312 10
a 3 2 0 144312 18
a 3 1 0 144312 14
a 15 4 0 144312 60663
a 5 4 0 768912 1
a 28 4 0 144312 266295
a 4 3 0 144312 17
a 4 2 0 144312 15
a 4 1 0 144312 12
a 5 4 0 768912 1
a 5 3 0 768912 1
a 5 2 0 768912 2
a 5 1 0 768912 1
a 8 6 0 768912 1
a 21 6 0 144312 5562
a 11 6 0 144312 279489
a 7 6 0 288624 16
a 8 7 0 768912 1
a 38 7 0 144312 26388
a 30 7 0 144312 28419
a 7 6 0 288624 11
a 8 7 0 768912 1
a 8 6 0 768912 1
a 13 9 0 768912 2
a 26 9 0 144312 357157
a 12 9 0 144312 46
a 11 9 0 144312 26
a 10 9 0 144312 13
a 9 1 0 144312 47123
a 13 10 0 768912 2
a 15 10 0 144312 65136
a 36 10 0 144312 187421
a 18 10 0 144312 98957
a 12 10 0 144312 49
a 11 10 0 144312 20
a 10 9 0 144312 19
a 12 11 0 144312 17
a 13 11 0 768912 2
a 29 11 0 144312 229319
a 11 10 0 144312 26
a 11 9 0 144312 16
a 11 6 0 144312 281676
a 12 11 0 144312 19
a 39 12 0 144312 235436
a 13 12 0 768912 3
a 32 12 0 144312 231722
a 22 12 0 144312 298275
a 12 10 0 144312 28
a 12 9 0 144312 26
a 13 12 0 768912 3
a 13 11 0 768912 2
a 13 10 0 768912 2
a 13 9 0 768912 2
a 36 14 0 144312 89033
a 16 14 0 768912 1
a 32 14 0 144312 335378
a 39 14 0 144312 349873
a 15 14 0 288624 18
a 48 15 0 144312 231402
a 15 4 0 144312 57861
a 43 15 0 144312 8448
a 16 15 0 768912 1
a 15 14 0 288624 15
a 15 10 0 144312 69081
a 16 15 0 768912 1
a 16 14 0 768912 1
a 19 17 0 768912 2
a 40 17 0 144312 413062
a 18 17 0 288624 20
a 17 3 0 144312 92773
a 19 18 0 768912 1
a 35 18 0 144312 62534
a 46 18 0 144312 63050
a 18 17 0 288624 13
a 18 10 0 144312 99001
a 19 18 0 768912 1
a 19 17 0 768912 2
a 24 20 0 768912 1
a 41 20 0 144312 34388
a 23 20 0 144312 5
a 22 20 0 144312 13
a 21 20 0 144312 13
a 24 21 0 768912 1
a 23 21 0 144312 14
a 22 21 0 144312 18
a 21 20 0 144312 9
a 21 6 0 144312 5499
a 21 2 0 144312 310909
a 24 22 0 768912 1
a 23 22 0 144312 16
a 22 21 0 144312 11
a 22 20 0 144312 15
a 22 12 0 144312 289314
a 24 23 0 768912 1
a 28 23 0 144312 35123
a 23 22 0 144312 28
a 23 21 0 144312 7
a 23 20 0 144312 7
a 24 23 0 768912 1
a 24 22 0 768912 1
a 24 21 0 768912 1
a 24 20 0 768912 1
a 26 25 0 144312 5
a 48 25 0 144312 4
a 49 25 0 144312 4
a 27 25 0 768912 1
a 31 25 0 144312 742626
a 26 25 0 144312 4
a 48 26 0 144312 11
a 49 26 0 144312 6
a 27 26 0 768912 1
a 26 9 0 144312 357191
a 48 27 0 768912 1
a 49 27 0 768912 1
a 27 26 0 768912 1
a 27 25 0 768912 1
a 34 28 0 768912 1
a 44 28 0 144312 13279
a 33 28 0 144312 12
a 32 28 0 144312 43
a 31 28 0 144312 21
a 30 28 0 144312 15
a 29 28 0 144312 18
a 28 23 0 144312 34711
a 28 4 0 144312 290613
a 34 29 0 768912 1
a 38 29 0 144312 1442
a 47 29 0 144312 1467
a 33 29 0 144312 19
a 32 29 0 144312 5
a 31 29 0 144312 75
a 30 29 0 144312 13
a 29 28 0 144312 10
a 29 11 0 144312 230863
a 34 30 0 768912 1
a 41 30 0 144312 1239
a 44 30 0 144312 13489
a 33 30 0 144312 14
a 32 30 0 144312 20
a 31 30 0 144312 65
a 30 29 0 144312 13
a 30 28 0 144312 17
a 30 7 0 144312 27916
a 34 31 0 768912 1
a 45 31 0 144312 10955
a 33 31 0 144312 15
a 32 31 0 144312 39
a 31 30 0 144312 16
a 31 29 0 144312 13
a 31 28 0 144312 14
a 31 25 0 144312 758666
a 34 32 0 768912 1
a 47 32 0 144312 1188
a 33 32 0 144312 32
a 32 31 0 144312 20
a 32 30 0 144312 16
a 32 29 0 144312 6
a 32 28 0 144312 18
a 32 14 0 144312 347348
a 32 12 0 144312 230061
a 34 33 0 768912 1
a 45 33 0 144312 10893
a 33 32 0 144312 16
a 33 31 0 144312 12
a 33 30 0 144312 18
a 33 29 0 144312 10
a 33 28 0 144312 16
a 33 3 0 144312 258942
a 34 33 0 768912 1
a 34 32 0 768912 1
a 34 31 0 768912 1
a 34 30 0 768912 1
a 34 29 0 768912 1
a 34 28 0 768912 1
a 38 35 0 144312 522326
a 37 35 0 768912 1
a 46 35 0 144312 1639
a 36 35 0 288624 24
a 35 18 0 144312 58903
a 36 14 0 144312 88740
a 49 36 0 144312 101534
a 37 36 0 768912 1
a 36 35 0 288624 21
a 36 10 0 144312 190751
a 37 36 0 768912 1
a 37 35 0 768912 1
a 38 35 0 144312 525920
a 42 38 0 768912 1
a 47 38 0 144312 166
a 41 38 0 144312 22
a 40 38 0 144312 54
a 39 38 0 144312 85
a 38 29 0 144312 1301
a 38 7 0 144312 27634
a 39 12 0 144312 231161
a 42 39 0 768912 1
a 47 39 0 144312 178
a 44 39 0 144312 14581
a 41 39 0 144312 22
a 40 39 0 144312 37
a 39 38 0 144312 18
a 39 14 0 144312 354710
a 42 40 0 768912 2
a 45 40 0 144312 12292
a 41 40 0 144312 32
a 40 39 0 144312 28
a 40 38 0 144312 22
a 40 17 0 144312 397186
a 40 2 0 144312 265866
a 42 41 0 768912 1
a 47 41 0 144312 185
a 41 40 0 144312 20
a 41 39 0 144312 22
a 41 38 0 144312 22
a 41 30 0 144312 1354
a 41 20 0 144312 33839
a 42 41 0 768912 1
a 42 40 0 768912 2
a 42 39 0 768912 1
a 42 38 0 768912 1
a 43 15 0 144312 8290
a 43 1 0 144312 60973
a 44 39 0 144312 13897
a 44 30 0 144312 13435
a 44 28 0 144312 14072
a 45 40 0 144312 12190
a 45 33 0 144312 11117
a 45 31 0 144312 11696
a 46 35 0 144312 1637
a 46 18 0 144312 63095
a 47 41 0 144312 180
a 47 39 0 144312 170
a 47 38 0 144312 180
a 47 32 0 144312 1132
a 47 29 0 144312 968
a 49 48 0 144312 4
a 48 26 0 144312 5
a 48 25 0 144312 3
a 48 27 0 768912 1
a 48 15 0 144312 240458
a 49 48 0 144312 4
a 49 26 0 144312 4
a 49 25 0 144312 4
a 49 27 0 768912 1
a 49 36 0 144312 101634

