c 160 msec
p min 49 520
n 18 -769176
n 19 14244
n 20 14244
n 21 14244
n 22 14244
n 24 7122
n 25 7122
n 27 21366
n 28 21366
n 29 21366
n 30 21366
n 31 21366
n 32 21366
n 34 21366
n 35 21366
n 37 49854
n 38 49854
n 39 49854
n 40 49854
n 42 42732
n 43 49854
n 44 28488
n 45 49854
n 46 142440
n 47 7122
n 48 7122
a 1 5 0 769176 1070
a 1 9 0 602189 94111
a 1 43 0 602189 85123
a 1 4 0 602189 4131
a 1 3 0 602189 4173
a 1 2 0 602189 4212
a 2 5 0 769176 1151
a 2 21 0 602189 204194
a 2 40 0 602189 177986
a 2 4 0 602189 4474
a 2 3 0 602189 4315
a 1 2 0 602189 4551
a 3 5 0 769176 1076
a 3 33 0 602189 136509
a 3 17 0 602189 76121
a 3 4 0 602189 3165
a 2 3 0 602189 4210
a 1 3 0 602189 4178
a 4 15 0 602189 93500
a 4 5 0 769176 1088
a 4 28 0 602189 137045
a 3 4 0 602189 3837
a 2 4 0 602189 4480
a 1 4 0 602189 4211
a 4 5 0 769176 1030
a 3 5 0 769176 1052
a 2 5 0 769176 1124
a 1 5 0 769176 1078
a 6 8 0 769176 988
a 6 21 0 602189 34349
a 6 11 0 602189 166618
a 6 7 0 769176 4046
a 7 8 0 769176 1036
a 7 38 0 602189 62341
a 7 30 0 602189 73642
a 6 7 0 769176 3333
a 7 8 0 769176 1043
a 6 8 0 769176 991
a 9 13 0 769176 1141
a 9 26 0 602189 250682
a 9 12 0 602189 8048
a 9 11 0 602189 4619
a 9 10 0 602189 4741
a 1 9 0 602189 95979
a 10 13 0 769176 1213
a 10 15 0 602189 76221
a 10 36 0 602189 144639
a 10 18 0 602189 93166
a 10 12 0 602189 5805
a 10 11 0 602189 4444
a 9 10 0 602189 5520
a 11 12 0 602189 4714
a 11 13 0 769176 1211
a 11 29 0 602189 140388
a 10 11 0 602189 4855
a 9 11 0 602189 4711
a 6 11 0 602189 170643
a 11 12 0 602189 5067
a 12 39 0 602189 142338
a 12 13 0 769176 1358
a 12 32 0 602189 113461
a 12 22 0 602189 225845
a 10 12 0 602189 4973
a 9 12 0 602189 5167
a 12 13 0 769176 1379
a 11 13 0 769176 1212
a 10 13 0 769176 1212
a 9 13 0 769176 1142
a 14 36 0 602189 72921
a 14 16 0 769176 1069
a 14 32 0 602189 198730
a 14 39 0 602189 210568
a 14 15 0 769176 4348
a 15 48 0 602189 120555
a 4 15 0 602189 96716
a 15 43 0 602189 47783
a 15 16 0 769176 1054
a 14 15 0 769176 4252
a 10 15 0 602189 71999
a 15 16 0 769176 1047
a 14 16 0 769176 1069
a 17 19 0 769176 1152
a 17 40 0 602189 246574
a 17 18 0 769176 4307
a 3 17 0 602189 81628
a 18 19 0 769176 1085
a 18 35 0 602189 59083
a 18 46 0 602189 84296
a 17 18 0 769176 4448
a 10 18 0 602189 92162
a 18 19 0 769176 1076
a 17 19 0 769176 1150
a 20 24 0 769176 947
a 20 41 0 602189 72828
a 20 23 0 602189 2421
a 20 22 0 602189 3789
a 20 21 0 602189 3726
a 21 24 0 769176 964
a 21 23 0 602189 3758
a 21 22 0 602189 3792
a 20 21 0 602189 3718
a 6 21 0 602189 35689
a 2 21 0 602189 223244
a 22 24 0 769176 952
a 22 23 0 602189 3891
a 21 22 0 602189 3673
a 20 22 0 602189 3600
a 12 22 0 602189 219954
a 23 24 0 769176 961
a 23 28 0 602189 90359
a 22 23 0 602189 3900
a 21 23 0 602189 3498
a 20 23 0 602189 2987
a 23 24 0 769176 961
a 22 24 0 769176 950
a 21 24 0 769176 970
a 20 24 0 769176 950
a 25 26 0 602189 2147
a 25 48 0 602189 1660
a 25 49 0 602189 1969
a 25 27 0 769176 1066
a 25 31 0 602189 632639
a 25 26 0 602189 2198
a 26 48 0 602189 3228
a 26 49 0 602189 2327
a 26 27 0 769176 983
a 9 26 0 602189 261659
a 27 48 0 769176 966
a 27 49 0 769176 950
a 26 27 0 769176 983
a 25 27 0 769176 1013
a 28 34 0 769176 995
a 28 44 0 602189 50448
a 28 33 0 602189 3400
a 28 32 0 602189 5951
a 28 31 0 602189 3981
a 28 30 0 602189 3666
a 28 29 0 602189 3789
a 23 28 0 602189 92267
a 4 28 0 602189 139169
a 29 34 0 769176 965
a 29 38 0 602189 22690
a 29 47 0 602189 21373
a 29 33 0 602189 4262
a 29 32 0 602189 2202
a 29 31 0 602189 7521
a 29 30 0 602189 3480
a 28 29 0 602189 3450
a 11 29 0 602189 121379
a 30 34 0 769176 1019
a 30 41 0 602189 18120
a 30 44 0 602189 53901
a 30 33 0 602189 3748
a 30 32 0 602189 4129
a 30 31 0 602189 7251
a 29 30 0 602189 3882
a 28 30 0 602189 4272
a 7 30 0 602189 60311
a 31 34 0 769176 993
a 31 45 0 602189 44048
a 31 33 0 602189 3386
a 31 32 0 602189 5541
a 30 31 0 602189 3855
a 29 31 0 602189 3844
a 28 31 0 602189 4308
a 25 31 0 602189 758666
a 32 34 0 769176 1072
a 32 47 0 602189 16877
a 32 33 0 602189 5066
a 31 32 0 602189 4179
a 30 32 0 602189 4003
a 29 32 0 602189 1958
a 28 32 0 602189 4617
a 14 32 0 602189 210286
a 12 32 0 602189 133850
a 33 34 0 769176 941
a 33 45 0 602189 46158
a 32 33 0 602189 4143
a 31 33 0 602189 2917
a 30 33 0 602189 3954
a 29 33 0 602189 3230
a 28 33 0 602189 3859
a 3 33 0 602189 145627
a 33 34 0 769176 938
a 32 34 0 769176 1073
a 31 34 0 769176 994
a 30 34 0 769176 1014
a 29 34 0 769176 978
a 28 34 0 769176 994
a 35 38 0 602189 305196
a 35 37 0 769176 1099
a 35 46 0 602189 24043
a 35 36 0 769176 4553
a 18 35 0 602189 59190
a 14 36 0 602189 68245
a 36 49 0 602189 55001
a 36 37 0 769176 1105
a 35 36 0 769176 5866
a 10 36 0 602189 163163
a 36 37 0 769176 1118
a 35 37 0 769176 1109
a 35 38 0 602189 416579
a 38 42 0 769176 1081
a 38 47 0 602189 7136
a 38 41 0 602189 4140
a 38 40 0 602189 6218
a 38 39 0 602189 7425
a 29 38 0 602189 22508
a 7 38 0 602189 43186
a 12 39 0 602189 143179
a 39 42 0 769176 1113
a 39 47 0 602189 7734
a 39 44 0 602189 50947
a 39 41 0 602189 4319
a 39 40 0 602189 5436
a 38 39 0 602189 4177
a 14 39 0 602189 284204
a 40 42 0 769176 1212
a 40 45 0 602189 60477
a 40 41 0 602189 5662
a 39 40 0 602189 4620
a 38 40 0 602189 4648
a 17 40 0 602189 216600
a 2 40 0 602189 201162
a 41 42 0 769176 1063
a 41 47 0 602189 7084
a 40 41 0 602189 4617
a 39 41 0 602189 4221
a 38 41 0 602189 4224
a 30 41 0 602189 21899
a 20 41 0 602189 87469
a 41 42 0 769176 1064
a 40 42 0 769176 1215
a 39 42 0 769176 1110
a 38 42 0 769176 1092
a 15 43 0 602189 49538
a 1 43 0 602189 84849
a 39 44 0 602189 52883
a 30 44 0 602189 50483
a 28 44 0 602189 51536
a 40 45 0 602189 58432
a 33 45 0 602189 43719
a 31 45 0 602189 45261
a 35 46 0 602189 24107
a 18 46 0 602189 83383
a 41 47 0 602189 6974
a 39 47 0 602189 7435
a 38 47 0 602189 7114
a 32 47 0 602189 20685
a 29 47 0 602189 20056
a 48 49 0 602189 1671
a 26 48 0 602189 2093
a 25 48 0 602189 1640
a 27 48 0 769176 973
a 15 48 0 602189 142758
a 48 49 0 602189 1741
a 26 49 0 602189 2020
a 25 49 0 602189 1984
a 27 49 0 769176 951
a 36 49 0 602189 54681
a 5 1 0 769176 1070
a 9 1 0 602189 94111
a 43 1 0 602189 85123
a 4 1 0 602189 4131
a 3 1 0 602189 4173
a 2 1 0 602189 4212
a 5 2 0 769176 1151
a 21 2 0 602189 204194
a 40 2 0 602189 177986
a 4 2 0 602189 4474
a 3 2 0 602189 4315
a 2 1 0 602189 4551
a 5 3 0 769176 1076
a 33 3 0 602189 136509
a 17 3 0 602189 76121
a 4 3 0 602189 3165
a 3 2 0 602189 4210
a 3 1 0 602189 4178
a 15 4 0 602189 93500
a 5 4 0 769176 1088
a 28 4 0 602189 137045
a 4 3 0 602189 3837
a 4 2 0 602189 4480
a 4 1 0 602189 4211
a 5 4 0 769176 1030
a 5 3 0 769176 1052
a 5 2 0 769176 1124
a 5 1 0 769176 1078
a 8 6 0 769176 988
a 21 6 0 602189 34349
a 11 6 0 602189 166618
a 7 6 0 769176 4046
a 8 7 0 769176 1036
a 38 7 0 602189 62341
a 30 7 0 602189 73642
a 7 6 0 769176 3333
a 8 7 0 769176 1043
a 8 6 0 769176 991
a 13 9 0 769176 1141
a 26 9 0 602189 250682
a 12 9 0 602189 8048
a 11 9 0 602189 4619
a 10 9 0 602189 4741
a 9 1 0 602189 95979
a 13 10 0 769176 1213
a 15 10 0 602189 76221
a 36 10 0 602189 144639
a 18 10 0 602189 93166
a 12 10 0 602189 5805
a 11 10 0 602189 4444
a 10 9 0 602189 5520
a 12 11 0 602189 4714
a 13 11 0 769176 1211
a 29 11 0 602189 140388
a 11 10 0 602189 4855
a 11 9 0 602189 4711
a 11 6 0 602189 170643
a 12 11 0 602189 5067
a 39 12 0 602189 142338
a 13 12 0 769176 1358
a 32 12 0 602189 113461
a 22 12 0 602189 225845
a 12 10 0 602189 4973
a 12 9 0 602189 5167
a 13 12 0 769176 1379
a 13 11 0 769176 1212
a 13 10 0 769176 1212
a 13 9 0 769176 1142
a 36 14 0 602189 72921
a 16 14 0 769176 1069
a 32 14 0 602189 198730
a 39 14 0 602189 210568
a 15 14 0 769176 4348
a 48 15 0 602189 120555
a 15 4 0 602189 96716
a 43 15 0 602189 47783
a 16 15 0 769176 1054
a 15 14 0 769176 4252
a 15 10 0 602189 71999
a 16 15 0 769176 1047
a 16 14 0 769176 1069
a 19 17 0 769176 1152
a 40 17 0 602189 246574
a 18 17 0 769176 4307
a 17 3 0 602189 81628
a 19 18 0 769176 1085
a 35 18 0 602189 59083
a 46 18 0 602189 84296
a 18 17 0 769176 4448
a 18 10 0 602189 92162
a 19 18 0 769176 1076
a 19 17 0 769176 1150
a 24 20 0 769176 947
a 41 20 0 602189 72828
a 23 20 0 602189 2421
a 22 20 0 602189 3789
a 21 20 0 602189 3726
a 24 21 0 769176 964
a 23 21 0 602189 3758
a 22 21 0 602189 3792
a 21 20 0 602189 3718
a 21 6 0 602189 35689
a 21 2 0 602189 223244
a 24 22 0 769176 952
a 23 22 0 602189 3891
a 22 21 0 602189 3673
a 22 20 0 602189 3600
a 22 12 0 602189 219954
a 24 23 0 769176 961
a 28 23 0 602189 90359
a 23 22 0 602189 3900
a 23 21 0 602189 3498
a 23 20 0 602189 2987
a 24 23 0 769176 961
a 24 22 0 769176 950
a 24 21 0 769176 970
a 24 20 0 769176 950
a 26 25 0 602189 2147
a 48 25 0 602189 1660
a 49 25 0 602189 1969
a 27 25 0 769176 1066
a 31 25 0 602189 632639
a 26 25 0 602189 2198
a 48 26 0 602189 3228
a 49 26 0 602189 2327
a 27 26 0 769176 983
a 26 9 0 602189 261659
a 48 27 0 769176 966
a 49 27 0 769176 950
a 27 26 0 769176 983
a 27 25 0 769176 1013
a 34 28 0 769176 995
a 44 28 0 602189 50448
a 33 28 0 602189 3400
a 32 28 0 602189 5951
a 31 28 0 602189 3981
a 30 28 0 602189 3666
a 29 28 0 602189 3789
a 28 23 0 602189 92267
a 28 4 0 602189 139169
a 34 29 0 769176 965
a 38 29 0 602189 22690
a 47 29 0 602189 21373
a 33 29 0 602189 4262
a 32 29 0 602189 2202
a 31 29 0 602189 7521
a 30 29 0 602189 3480
a 29 28 0 602189 3450
a 29 11 0 602189 121379
a 34 30 0 769176 1019
a 41 30 0 602189 18120
a 44 30 0 602189 53901
a 33 30 0 602189 3748
a 32 30 0 602189 4129
a 31 30 0 602189 7251
a 30 29 0 602189 3882
a 30 28 0 602189 4272
a 30 7 0 602189 60311
a 34 31 0 769176 993
a 45 31 0 602189 44048
a 33 31 0 602189 3386
a 32 31 0 602189 5541
a 31 30 0 602189 3855
a 31 29 0 602189 3844
a 31 28 0 602189 4308
a 31 25 0 602189 758666
a 34 32 0 769176 1072
a 47 32 0 602189 16877
a 33 32 0 602189 5066
a 32 31 0 602189 4179
a 32 30 0 602189 4003
a 32 29 0 602189 1958
a 32 28 0 602189 4617
a 32 14 0 602189 210286
a 32 12 0 602189 133850
a 34 33 0 769176 941
a 45 33 0 602189 46158
a 33 32 0 602189 4143
a 33 31 0 602189 2917
a 33 30 0 602189 3954
a 33 29 0 602189 3230
a 33 28 0 602189 3859
a 33 3 0 602189 145627
a 34 33 0 769176 938
a 34 32 0 769176 1073
a 34 31 0 769176 994
a 34 30 0 769176 1014
a 34 29 0 769176 978
a 34 28 0 769176 994
a 38 35 0 602189 305196
a 37 35 0 769176 1099
a 46 35 0 602189 24043
a 36 35 0 769176 4553
a 35 18 0 602189 59190
a 36 14 0 602189 68245
a 49 36 0 602189 55001
a 37 36 0 769176 1105
a 36 35 0 769176 5866
a 36 10 0 602189 163163
a 37 36 0 769176 1118
a 37 35 0 769176 1109
a 38 35 0 602189 416579
a 42 38 0 769176 1081
a 47 38 0 602189 7136
a 41 38 0 602189 4140
a 40 38 0 602189 6218
a 39 38 0 602189 7425
a 38 29 0 602189 22508
a 38 7 0 602189 43186
a 39 12 0 602189 143179
a 42 39 0 769176 1113
a 47 39 0 602189 7734
a 44 39 0 602189 50947
a 41 39 0 602189 4319
a 40 39 0 602189 5436
a 39 38 0 602189 4177
a 39 14 0 602189 284204
a 42 40 0 769176 1212
a 45 40 0 602189 60477
a 41 40 0 602189 5662
a 40 39 0 602189 4620
a 40 38 0 602189 4648
a 40 17 0 602189 216600
a 40 2 0 602189 201162
a 42 41 0 769176 1063
a 47 41 0 602189 7084
a 41 40 0 602189 4617
a 41 39 0 602189 4221
a 41 38 0 602189 4224
a 41 30 0 602189 21899
a 41 20 0 602189 87469
a 42 41 0 769176 1064
a 42 40 0 769176 1215
a 42 39 0 769176 1110
a 42 38 0 769176 1092
a 43 15 0 602189 49538
a 43 1 0 602189 84849
a 44 39 0 602189 52883
a 44 30 0 602189 50483
a 44 28 0 602189 51536
a 45 40 0 602189 58432
a 45 33 0 602189 43719
a 45 31 0 602189 45261
a 46 35 0 602189 24107
a 46 18 0 602189 83383
a 47 41 0 602189 6974
a 47 39 0 602189 7435
a 47 38 0 602189 7114
a 47 32 0 602189 20685
a 47 29 0 602189 20056
a 49 48 0 602189 1671
a 48 26 0 602189 2093
a 48 25 0 602189 1640
a 48 27 0 769176 973
a 48 15 0 602189 142758
a 49 48 0 602189 1741
a 49 26 0 602189 2020
a 49 25 0 602189 1984
a 49 27 0 769176 951
a 49 36 0 602189 54681

