c 6410 msec
p min 49 520
n 18 -769176
n 19 14244
n 20 14244
n 21 14244
n 22 14244
n 24 7122
n 25 7122
n 27 21366
n 28 21366
n 29 21366
n 30 21366
n 31 21366
n 32 21366
n 34 21366
n 35 21366
n 37 49854
n 38 49854
n 39 49854
n 40 49854
n 42 42732
n 43 49854
n 44 28488
n 45 49854
n 46 142440
n 47 7122
n 48 7122
a 1 5 0 769176 46
a 1 9 0 516618 89408
a 1 43 0 516618 111420
a 1 4 0 516618 188
a 1 3 0 516618 219
a 1 2 0 516618 232
a 2 5 0 769176 50
a 2 21 0 516618 364099
a 2 40 0 516618 347627
a 2 4 0 516618 254
a 2 3 0 516618 249
a 1 2 0 516618 294
a 3 5 0 769176 45
a 3 33 0 516618 335267
a 3 17 0 516618 139572
a 3 4 0 516618 177
a 2 3 0 516618 275
a 1 3 0 516618 235
a 4 15 0 516618 102924
a 4 5 0 769176 44
a 4 28 0 516618 342744
a 3 4 0 516618 258
a 2 4 0 516618 242
a 1 4 0 516618 211
a 4 5 0 769176 45
a 3 5 0 769176 46
a 2 5 0 769176 49
a 1 5 0 769176 46
a 6 8 0 769176 38
a 6 21 0 516618 19739
a 6 11 0 516618 350099
a 6 7 0 769176 261
a 7 8 0 769176 41
a 7 38 0 516618 60884
a 7 30 0 516618 64474
a 6 7 0 769176 194
a 7 8 0 769176 42
a 6 8 0 769176 38
a 9 13 0 769176 50
a 9 26 0 516618 432303
a 9 12 0 516618 589
a 9 11 0 516618 374
a 9 10 0 516618 228
a 1 9 0 516618 100673
a 10 13 0 769176 59
a 10 15 0 516618 131814
a 10 36 0 516618 302383
a 10 18 0 516618 159417
a 10 12 0 516618 585
a 10 11 0 516618 304
a 9 10 0 516618 297
a 11 12 0 516618 271
a 11 13 0 769176 57
a 11 29 0 516618 306300
a 10 11 0 516618 369
a 9 11 0 516618 263
a 6 11 0 516618 356587
a 11 12 0 516618 296
a 12 39 0 516618 297510
a 12 13 0 769176 70
a 12 32 0 516618 291254
a 12 22 0 516618 369710
a 10 12 0 516618 396
a 9 12 0 516618 374
a 12 13 0 769176 71
a 11 13 0 769176 57
a 10 13 0 769176 59
a 9 13 0 769176 51
a 14 36 0 516618 144925
a 14 16 0 769176 43
a 14 32 0 516618 413583
a 14 39 0 516618 416385
a 14 15 0 769176 290
a 15 48 0 516618 303053
a 4 15 0 516618 110375
a 15 43 0 516618 25913
a 15 16 0 769176 43
a 14 15 0 769176 276
a 10 15 0 516618 130689
a 15 16 0 769176 44
a 14 16 0 769176 44
a 17 19 0 769176 50
a 17 40 0 516618 465574
a 17 18 0 769176 306
a 3 17 0 516618 139532
a 18 19 0 769176 46
a 18 35 0 516618 114010
a 18 46 0 516618 112698
a 17 18 0 769176 245
a 10 18 0 516618 168466
a 18 19 0 769176 46
a 17 19 0 769176 51
a 20 24 0 769176 36
a 20 41 0 516618 74049
a 20 23 0 516618 103
a 20 22 0 516618 216
a 20 21 0 516618 218
a 21 24 0 769176 38
a 21 23 0 516618 237
a 21 22 0 516618 278
a 20 21 0 516618 177
a 6 21 0 516618 19792
a 2 21 0 516618 399195
a 22 24 0 769176 35
a 22 23 0 516618 254
a 21 22 0 516618 206
a 20 22 0 516618 241
a 12 22 0 516618 372911
a 23 24 0 769176 36
a 23 28 0 516618 76077
a 22 23 0 516618 389
a 21 23 0 516618 152
a 20 23 0 516618 138
a 23 24 0 769176 37
a 22 24 0 769176 35
a 21 24 0 769176 38
a 20 24 0 769176 36
a 25 26 0 516618 111
a 25 48 0 516618 92
a 25 49 0 516618 97
a 25 27 0 769176 40
a 25 31 0 516618 758666
a 25 26 0 516618 99
a 26 48 0 516618 192
a 26 49 0 516618 125
a 26 27 0 769176 36
a 9 26 0 516618 446626
a 27 48 0 769176 36
a 27 49 0 769176 36
a 26 27 0 769176 37
a 25 27 0 769176 39
a 28 34 0 769176 41
a 28 44 0 516618 35979
a 28 33 0 516618 211
a 28 32 0 516618 539
a 28 31 0 516618 298
a 28 30 0 516618 239
a 28 29 0 516618 279
a 23 28 0 516618 74763
a 4 28 0 516618 361805
a 29 34 0 769176 38
a 29 38 0 516618 6287
a 29 47 0 516618 5969
a 29 33 0 516618 287
a 29 32 0 516618 108
a 29 31 0 516618 787
a 29 30 0 516618 213
a 28 29 0 516618 182
a 11 29 0 516618 312593
a 30 34 0 769176 42
a 30 41 0 516618 6876
a 30 44 0 516618 35809
a 30 33 0 516618 230
a 30 32 0 516618 298
a 30 31 0 516618 707
a 29 30 0 516618 217
a 28 30 0 516618 263
a 7 30 0 516618 64546
a 31 34 0 769176 38
a 31 45 0 516618 31266
a 31 33 0 516618 240
a 31 32 0 516618 483
a 30 31 0 516618 248
a 29 31 0 516618 208
a 28 31 0 516618 238
a 25 31 0 516618 748407
a 32 34 0 769176 46
a 32 47 0 516618 5263
a 32 33 0 516618 432
a 31 32 0 516618 310
a 30 32 0 516618 252
a 29 32 0 516618 123
a 28 32 0 516618 289
a 14 32 0 516618 424007
a 12 32 0 516618 332464
a 33 34 0 769176 36
a 33 45 0 516618 32123
a 32 33 0 516618 263
a 31 33 0 516618 203
a 30 33 0 516618 270
a 29 33 0 516618 180
a 28 33 0 516618 260
a 3 33 0 516618 336671
a 33 34 0 769176 37
a 32 34 0 769176 46
a 31 34 0 769176 39
a 30 34 0 769176 43
a 29 34 0 769176 39
a 28 34 0 769176 41
a 35 38 0 516618 569664
a 35 37 0 769176 47
a 35 46 0 516618 7779
a 35 36 0 769176 343
a 18 35 0 516618 113822
a 14 36 0 516618 146749
a 36 49 0 516618 160595
a 36 37 0 769176 48
a 35 36 0 769176 367
a 10 36 0 516618 272244
a 36 37 0 769176 48
a 35 37 0 769176 47
a 35 38 0 516618 586211
a 38 42 0 769176 45
a 38 47 0 516618 1355
a 38 41 0 516618 319
a 38 40 0 516618 639
a 38 39 0 516618 862
a 29 38 0 516618 7459
a 7 38 0 516618 62190
a 12 39 0 516618 317789
a 39 42 0 769176 47
a 39 47 0 516618 1355
a 39 44 0 516618 37555
a 39 41 0 516618 324
a 39 40 0 516618 482
a 38 39 0 516618 290
a 14 39 0 516618 421307
a 40 42 0 769176 55
a 40 45 0 516618 34781
a 40 41 0 516618 455
a 39 40 0 516618 401
a 38 40 0 516618 340
a 17 40 0 516618 469368
a 2 40 0 516618 353392
a 41 42 0 769176 43
a 41 47 0 516618 1378
a 40 41 0 516618 311
a 39 41 0 516618 329
a 38 41 0 516618 320
a 30 41 0 516618 6172
a 20 41 0 516618 71487
a 41 42 0 769176 44
a 40 42 0 769176 55
a 39 42 0 769176 48
a 38 42 0 769176 45
a 15 43 0 516618 26184
a 1 43 0 516618 111957
a 39 44 0 516618 38714
a 30 44 0 516618 38922
a 28 44 0 516618 36379
a 40 45 0 516618 34807
a 33 45 0 516618 31443
a 31 45 0 516618 31580
a 35 46 0 516618 7743
a 18 46 0 516618 113385
a 41 47 0 516618 1347
a 39 47 0 516618 1362
a 38 47 0 516618 1348
a 32 47 0 516618 5848
a 29 47 0 516618 6164
a 48 49 0 516618 92
a 26 48 0 516618 103
a 25 48 0 516618 83
a 27 48 0 769176 37
a 15 48 0 516618 312364
a 48 49 0 516618 90
a 26 49 0 516618 98
a 25 49 0 516618 96
a 27 49 0 769176 36
a 36 49 0 516618 162090
a 5 1 0 769176 46
a 9 1 0 516618 89408
a 43 1 0 516618 111420
a 4 1 0 516618 188
a 3 1 0 516618 219
a 2 1 0 516618 232
a 5 2 0 769176 50
a 21 2 0 516618 364099
a 40 2 0 516618 347627
a 4 2 0 516618 254
a 3 2 0 516618 249
a 2 1 0 516618 294
a 5 3 0 769176 45
a 33 3 0 516618 335267
a 17 3 0 516618 139572
a 4 3 0 516618 177
a 3 2 0 516618 275
a 3 1 0 516618 235
a 15 4 0 516618 102924
a 5 4 0 769176 44
a 28 4 0 516618 342744
a 4 3 0 516618 258
a 4 2 0 516618 242
a 4 1 0 516618 211
a 5 4 0 769176 45
a 5 3 0 769176 46
a 5 2 0 769176 49
a 5 1 0 769176 46
a 8 6 0 769176 38
a 21 6 0 516618 19739
a 11 6 0 516618 350099
a 7 6 0 769176 261
a 8 7 0 769176 41
a 38 7 0 516618 60884
a 30 7 0 516618 64474
a 7 6 0 769176 194
a 8 7 0 769176 42
a 8 6 0 769176 38
a 13 9 0 769176 50
a 26 9 0 516618 432303
a 12 9 0 516618 589
a 11 9 0 516618 374
a 10 9 0 516618 228
a 9 1 0 516618 100673
a 13 10 0 769176 59
a 15 10 0 516618 131814
a 36 10 0 516618 302383
a 18 10 0 516618 159417
a 12 10 0 516618 585
a 11 10 0 516618 304
a 10 9 0 516618 297
a 12 11 0 516618 271
a 13 11 0 769176 57
a 29 11 0 516618 306300
a 11 10 0 516618 369
a 11 9 0 516618 263
a 11 6 0 516618 356587
a 12 11 0 516618 296
a 39 12 0 516618 297510
a 13 12 0 769176 70
a 32 12 0 516618 291254
a 22 12 0 516618 369710
a 12 10 0 516618 396
a 12 9 0 516618 374
a 13 12 0 769176 71
a 13 11 0 769176 57
a 13 10 0 769176 59
a 13 9 0 769176 51
a 36 14 0 516618 144925
a 16 14 0 769176 43
a 32 14 0 516618 413583
a 39 14 0 516618 416385
a 15 14 0 769176 290
a 48 15 0 516618 303053
a 15 4 0 516618 110375
a 43 15 0 516618 25913
a 16 15 0 769176 43
a 15 14 0 769176 276
a 15 10 0 516618 130689
a 16 15 0 769176 44
a 16 14 0 769176 44
a 19 17 0 769176 50
a 40 17 0 516618 465574
a 18 17 0 769176 306
a 17 3 0 516618 139532
a 19 18 0 769176 46
a 35 18 0 516618 114010
a 46 18 0 516618 112698
a 18 17 0 769176 245
a 18 10 0 516618 168466
a 19 18 0 769176 46
a 19 17 0 769176 51
a 24 20 0 769176 36
a 41 20 0 516618 74049
a 23 20 0 516618 103
a 22 20 0 516618 216
a 21 20 0 516618 218
a 24 21 0 769176 38
a 23 21 0 516618 237
a 22 21 0 516618 278
a 21 20 0 516618 177
a 21 6 0 516618 19792
a 21 2 0 516618 399195
a 24 22 0 769176 35
a 23 22 0 516618 254
a 22 21 0 516618 206
a 22 20 0 516618 241
a 22 12 0 516618 372911
a 24 23 0 769176 36
a 28 23 0 516618 76077
a 23 22 0 516618 389
a 23 21 0 516618 152
a 23 20 0 516618 138
a 24 23 0 769176 37
a 24 22 0 769176 35
a 24 21 0 769176 38
a 24 20 0 769176 36
a 26 25 0 516618 111
a 48 25 0 516618 92
a 49 25 0 516618 97
a 27 25 0 769176 40
a 31 25 0 516618 758666
a 26 25 0 516618 99
a 48 26 0 516618 192
a 49 26 0 516618 125
a 27 26 0 769176 36
a 26 9 0 516618 446626
a 48 27 0 769176 36
a 49 27 0 769176 36
a 27 26 0 769176 37
a 27 25 0 769176 39
a 34 28 0 769176 41
a 44 28 0 516618 35979
a 33 28 0 516618 211
a 32 28 0 516618 539
a 31 28 0 516618 298
a 30 28 0 516618 239
a 29 28 0 516618 279
a 28 23 0 516618 74763
a 28 4 0 516618 361805
a 34 29 0 769176 38
a 38 29 0 516618 6287
a 47 29 0 516618 5969
a 33 29 0 516618 287
a 32 29 0 516618 108
a 31 29 0 516618 787
a 30 29 0 516618 213
a 29 28 0 516618 182
a 29 11 0 516618 312593
a 34 30 0 769176 42
a 41 30 0 516618 6876
a 44 30 0 516618 35809
a 33 30 0 516618 230
a 32 30 0 516618 298
a 31 30 0 516618 707
a 30 29 0 516618 217
a 30 28 0 516618 263
a 30 7 0 516618 64546
a 34 31 0 769176 38
a 45 31 0 516618 31266
a 33 31 0 516618 240
a 32 31 0 516618 483
a 31 30 0 516618 248
a 31 29 0 516618 208
a 31 28 0 516618 238
a 31 25 0 516618 748407
a 34 32 0 769176 46
a 47 32 0 516618 5263
a 33 32 0 516618 432
a 32 31 0 516618 310
a 32 30 0 516618 252
a 32 29 0 516618 123
a 32 28 0 516618 289
a 32 14 0 516618 424007
a 32 12 0 516618 332464
a 34 33 0 769176 36
a 45 33 0 516618 32123
a 33 32 0 516618 263
a 33 31 0 516618 203
a 33 30 0 516618 270
a 33 29 0 516618 180
a 33 28 0 516618 260
a 33 3 0 516618 336671
a 34 33 0 769176 37
a 34 32 0 769176 46
a 34 31 0 769176 39
a 34 30 0 769176 43
a 34 29 0 769176 39
a 34 28 0 769176 41
a 38 35 0 516618 569664
a 37 35 0 769176 47
a 46 35 0 516618 7779
a 36 35 0 769176 343
a 35 18 0 516618 113822
a 36 14 0 516618 146749
a 49 36 0 516618 160595
a 37 36 0 769176 48
a 36 35 0 769176 367
a 36 10 0 516618 272244
a 37 36 0 769176 48
a 37 35 0 769176 47
a 38 35 0 516618 586211
a 42 38 0 769176 45
a 47 38 0 516618 1355
a 41 38 0 516618 319
a 40 38 0 516618 639
a 39 38 0 516618 862
a 38 29 0 516618 7459
a 38 7 0 516618 62190
a 39 12 0 516618 317789
a 42 39 0 769176 47
a 47 39 0 516618 1355
a 44 39 0 516618 37555
a 41 39 0 516618 324
a 40 39 0 516618 482
a 39 38 0 516618 290
a 39 14 0 516618 421307
a 42 40 0 769176 55
a 45 40 0 516618 34781
a 41 40 0 516618 455
a 40 39 0 516618 401
a 40 38 0 516618 340
a 40 17 0 516618 469368
a 40 2 0 516618 353392
a 42 41 0 769176 43
a 47 41 0 516618 1378
a 41 40 0 516618 311
a 41 39 0 516618 329
a 41 38 0 516618 320
a 41 30 0 516618 6172
a 41 20 0 516618 71487
a 42 41 0 769176 44
a 42 40 0 769176 55
a 42 39 0 769176 48
a 42 38 0 769176 45
a 43 15 0 516618 26184
a 43 1 0 516618 111957
a 44 39 0 516618 38714
a 44 30 0 516618 38922
a 44 28 0 516618 36379
a 45 40 0 516618 34807
a 45 33 0 516618 31443
a 45 31 0 516618 31580
a 46 35 0 516618 7743
a 46 18 0 516618 113385
a 47 41 0 516618 1347
a 47 39 0 516618 1362
a 47 38 0 516618 1348
a 47 32 0 516618 5848
a 47 29 0 516618 6164
a 49 48 0 516618 92
a 48 26 0 516618 103
a 48 25 0 516618 83
a 48 27 0 769176 37
a 48 15 0 516618 312364
a 49 48 0 516618 90
a 49 26 0 516618 98
a 49 25 0 516618 96
a 49 27 0 769176 36
a 49 36 0 516618 162090

