c 49320 msec
p min 49 520
n 12 -768912
n 13 9960
n 14 7968
n 16 27888
n 17 27888
n 19 23904
n 20 23904
n 21 25896
n 22 25896
n 24 11952
n 25 13944
n 27 21912
n 28 21912
n 29 21912
n 30 23904
n 31 23904
n 32 23904
n 34 23904
n 35 21912
n 37 45816
n 38 45816
n 39 45816
n 40 45816
n 42 11952
n 43 69720
n 44 39840
n 45 5976
n 46 49800
n 47 13944
n 48 11952
a 1 5 0 768912 1
a 1 9 0 143822 43196
a 1 43 0 143822 57476
a 1 4 0 143822 14
a 1 3 0 143822 16
a 1 2 0 143822 15
a 2 5 0 768912 2
a 2 21 0 143822 308222
a 2 40 0 143822 279665
a 2 4 0 143822 17
a 2 3 0 143822 17
a 1 2 0 143822 19
a 3 5 0 768912 1
a 3 33 0 143822 278639
a 3 17 0 143822 86141
a 3 4 0 143822 10
a 2 3 0 143822 17
a 1 3 0 143822 15
a 4 15 0 143822 55345
a 4 5 0 768912 1
a 4 28 0 143822 260778
a 3 4 0 143822 11
a 2 4 0 143822 18
a 1 4 0 143822 17
a 4 5 0 768912 1
a 3 5 0 768912 1
a 2 5 0 768912 2
a 1 5 0 768912 1
a 6 8 0 768912 1
a 6 21 0 143822 5980
a 6 11 0 143822 293251
a 6 7 0 287644 17
a 7 8 0 768912 1
a 7 38 0 143822 28472
a 7 30 0 143822 29404
a 6 7 0 287644 16
a 7 8 0 768912 1
a 6 8 0 768912 1
a 9 13 0 768912 2
a 9 26 0 143822 372652
a 9 12 0 143822 30
a 9 11 0 143822 32
a 9 10 0 143822 17
a 1 9 0 143822 41606
a 10 13 0 768912 2
a 10 15 0 143822 64967
a 10 36 0 143822 196518
a 10 18 0 143822 101861
a 10 12 0 143822 32
a 10 11 0 143822 34
a 9 10 0 143822 18
a 11 12 0 143822 15
a 11 13 0 768912 2
a 11 29 0 143822 244603
a 10 11 0 143822 26
a 9 11 0 143822 21
a 6 11 0 143822 289930
a 11 12 0 143822 14
a 12 39 0 143822 249639
a 12 13 0 768912 3
a 12 32 0 143822 244590
a 12 22 0 143822 309486
a 10 12 0 143822 24
a 9 12 0 143822 23
a 12 13 0 768912 3
a 11 13 0 768912 2
a 10 13 0 768912 2
a 9 13 0 768912 2
a 14 36 0 143822 93192
a 14 16 0 768912 1
a 14 32 0 143822 346697
a 14 39 0 143822 361287
a 14 15 0 287644 25
a 15 48 0 143822 250474
a 4 15 0 143822 55090
a 15 43 0 143822 9654
a 15 16 0 768912 1
a 14 15 0 287644 19
a 10 15 0 143822 66587
a 15 16 0 768912 1
a 14 16 0 768912 1
a 17 19 0 768912 2
a 17 40 0 143822 417137
a 17 18 0 287644 25
a 3 17 0 143822 92904
a 18 19 0 768912 1
a 18 35 0 143822 58422
a 18 46 0 143822 61503
a 17 18 0 287644 13
a 10 18 0 143822 100268
a 18 19 0 768912 1
a 17 19 0 768912 2
a 20 24 0 768912 1
a 20 41 0 143822 35282
a 20 23 0 143822 7
a 20 22 0 143822 13
a 20 21 0 143822 18
a 21 24 0 768912 1
a 21 23 0 143822 19
a 21 22 0 143822 22
a 20 21 0 143822 9
a 6 21 0 143822 6088
a 2 21 0 143822 343877
a 22 24 0 768912 1
a 22 23 0 143822 18
a 21 22 0 143822 14
a 20 22 0 143822 13
a 12 22 0 143822 312563
a 23 24 0 768912 1
a 23 28 0 143822 35348
a 22 23 0 143822 19
a 21 23 0 143822 12
a 20 23 0 143822 7
a 23 24 0 768912 1
a 22 24 0 768912 1
a 21 24 0 768912 1
a 20 24 0 768912 1
a 25 26 0 143822 10
a 25 48 0 143822 4
a 25 49 0 143822 4
a 25 27 0 768912 1
a 25 31 0 143822 756955
a 25 26 0 143822 7
a 26 48 0 143822 6
a 26 49 0 143822 7
a 26 27 0 768912 1
a 9 26 0 143822 378003
a 27 48 0 768912 1
a 27 49 0 768912 1
a 26 27 0 768912 1
a 25 27 0 768912 1
a 28 34 0 768912 1
a 28 44 0 143822 13901
a 28 33 0 143822 14
a 28 32 0 143822 21
a 28 31 0 143822 20
a 28 30 0 143822 23
a 28 29 0 143822 19
a 23 28 0 143822 36386
a 4 28 0 143822 285094
a 29 34 0 768912 1
a 29 38 0 143822 1329
a 29 47 0 143822 1000
a 29 33 0 143822 18
a 29 32 0 143822 5
a 29 31 0 143822 47
a 29 30 0 143822 17
a 28 29 0 143822 11
a 11 29 0 143822 240803
a 30 34 0 768912 1
a 30 41 0 143822 1277
a 30 44 0 143822 13557
a 30 33 0 143822 18
a 30 32 0 143822 18
a 30 31 0 143822 31
a 29 30 0 143822 12
a 28 30 0 143822 12
a 7 30 0 143822 29366
a 31 34 0 768912 1
a 31 45 0 143822 10342
a 31 33 0 143822 19
a 31 32 0 143822 25
a 30 31 0 143822 19
a 29 31 0 143822 17
a 28 31 0 143822 13
a 25 31 0 143822 758666
a 32 34 0 768912 1
a 32 47 0 143822 1153
a 32 33 0 143822 25
a 31 32 0 143822 20
a 30 32 0 143822 17
a 29 32 0 143822 7
a 28 32 0 143822 14
a 14 32 0 143822 404306
a 12 32 0 143822 240087
a 33 34 0 768912 1
a 33 45 0 143822 11457
a 32 33 0 143822 19
a 31 33 0 143822 19
a 30 33 0 143822 16
a 29 33 0 143822 15
a 28 33 0 143822 13
a 3 33 0 143822 269560
a 33 34 0 768912 1
a 32 34 0 768912 1
a 31 34 0 768912 1
a 30 34 0 768912 1
a 29 34 0 768912 1
a 28 34 0 768912 1
a 35 38 0 143822 535690
a 35 37 0 768912 1
a 35 46 0 143822 1763
a 35 36 0 287644 24
a 18 35 0 143822 57434
a 14 36 0 143822 99400
a 36 49 0 143822 105395
a 36 37 0 768912 1
a 35 36 0 287644 17
a 10 36 0 143822 195973
a 36 37 0 768912 1
a 35 37 0 768912 1
a 35 38 0 143822 546184
a 38 42 0 768912 1
a 38 47 0 143822 166
a 38 41 0 143822 22
a 38 40 0 143822 37
a 38 39 0 143822 55
a 29 38 0 143822 1453
a 7 38 0 143822 27765
a 12 39 0 143822 248876
a 39 42 0 768912 1
a 39 47 0 143822 163
a 39 44 0 143822 14579
a 39 41 0 143822 22
a 39 40 0 143822 32
a 38 39 0 143822 16
a 14 39 0 143822 362547
a 40 42 0 768912 2
a 40 45 0 143822 12236
a 40 41 0 143822 40
a 39 40 0 143822 22
a 38 40 0 143822 17
a 17 40 0 143822 421880
a 2 40 0 143822 273102
a 41 42 0 768912 1
a 41 47 0 143822 162
a 40 41 0 143822 22
a 39 41 0 143822 19
a 38 41 0 143822 16
a 30 41 0 143822 1309
a 20 41 0 143822 35443
a 41 42 0 768912 1
a 40 42 0 768912 2
a 39 42 0 768912 1
a 38 42 0 768912 1
a 15 43 0 143822 9596
a 1 43 0 143822 58571
a 39 44 0 143822 14539
a 30 44 0 143822 14099
a 28 44 0 143822 14803
a 40 45 0 143822 12268
a 33 45 0 143822 10845
a 31 45 0 143822 10797
a 35 46 0 143822 1764
a 18 46 0 143822 61712
a 41 47 0 143822 161
a 39 47 0 143822 163
a 38 47 0 143822 162
a 32 47 0 143822 1053
a 29 47 0 143822 1134
a 48 49 0 143822 4
a 26 48 0 143822 5
a 25 48 0 143822 4
a 27 48 0 768912 1
a 15 48 0 143822 261411
a 48 49 0 143822 4
a 26 49 0 143822 5
a 25 49 0 143822 5
a 27 49 0 768912 1
a 36 49 0 143822 106499
a 5 1 0 768912 1
a 9 1 0 143822 43196
a 43 1 0 143822 57476
a 4 1 0 143822 14
a 3 1 0 143822 16
a 2 1 0 143822 15
a 5 2 0 768912 2
a 21 2 0 143822 308222
a 40 2 0 143822 279665
a 4 2 0 143822 17
a 3 2 0 143822 17
a 2 1 0 143822 19
a 5 3 0 768912 1
a 33 3 0 143822 278639
a 17 3 0 143822 86141
a 4 3 0 143822 10
a 3 2 0 143822 17
a 3 1 0 143822 15
a 15 4 0 143822 55345
a 5 4 0 768912 1
a 28 4 0 143822 260778
a 4 3 0 143822 11
a 4 2 0 143822 18
a 4 1 0 143822 17
a 5 4 0 768912 1
a 5 3 0 768912 1
a 5 2 0 768912 2
a 5 1 0 768912 1
a 8 6 0 768912 1
a 21 6 0 143822 5980
a 11 6 0 143822 293251
a 7 6 0 287644 17
a 8 7 0 768912 1
a 38 7 0 143822 28472
a 30 7 0 143822 29404
a 7 6 0 287644 16
a 8 7 0 768912 1
a 8 6 0 768912 1
a 13 9 0 768912 2
a 26 9 0 143822 372652
a 12 9 0 143822 30
a 11 9 0 143822 32
a 10 9 0 143822 17
a 9 1 0 143822 41606
a 13 10 0 768912 2
a 15 10 0 143822 64967
a 36 10 0 143822 196518
a 18 10 0 143822 101861
a 12 10 0 143822 32
a 11 10 0 143822 34
a 10 9 0 143822 18
a 12 11 0 143822 15
a 13 11 0 768912 2
a 29 11 0 143822 244603
a 11 10 0 143822 26
a 11 9 0 143822 21
a 11 6 0 143822 289930
a 12 11 0 143822 14
a 39 12 0 143822 249639
a 13 12 0 768912 3
a 32 12 0 143822 244590
a 22 12 0 143822 309486
a 12 10 0 143822 24
a 12 9 0 143822 23
a 13 12 0 768912 3
a 13 11 0 768912 2
a 13 10 0 768912 2
a 13 9 0 768912 2
a 36 14 0 143822 93192
a 16 14 0 768912 1
a 32 14 0 143822 346697
a 39 14 0 143822 361287
a 15 14 0 287644 25
a 48 15 0 143822 250474
a 15 4 0 143822 55090
a 43 15 0 143822 9654
a 16 15 0 768912 1
a 15 14 0 287644 19
a 15 10 0 143822 66587
a 16 15 0 768912 1
a 16 14 0 768912 1
a 19 17 0 768912 2
a 40 17 0 143822 417137
a 18 17 0 287644 25
a 17 3 0 143822 92904
a 19 18 0 768912 1
a 35 18 0 143822 58422
a 46 18 0 143822 61503
a 18 17 0 287644 13
a 18 10 0 143822 100268
a 19 18 0 768912 1
a 19 17 0 768912 2
a 24 20 0 768912 1
a 41 20 0 143822 35282
a 23 20 0 143822 7
a 22 20 0 143822 13
a 21 20 0 143822 18
a 24 21 0 768912 1
a 23 21 0 143822 19
a 22 21 0 143822 22
a 21 20 0 143822 9
a 21 6 0 143822 6088
a 21 2 0 143822 343877
a 24 22 0 768912 1
a 23 22 0 143822 18
a 22 21 0 143822 14
a 22 20 0 143822 13
a 22 12 0 143822 312563
a 24 23 0 768912 1
a 28 23 0 143822 35348
a 23 22 0 143822 19
a 23 21 0 143822 12
a 23 20 0 143822 7
a 24 23 0 768912 1
a 24 22 0 768912 1
a 24 21 0 768912 1
a 24 20 0 768912 1
a 26 25 0 143822 10
a 48 25 0 143822 4
a 49 25 0 143822 4
a 27 25 0 768912 1
a 31 25 0 143822 756955
a 26 25 0 143822 7
a 48 26 0 143822 6
a 49 26 0 143822 7
a 27 26 0 768912 1
a 26 9 0 143822 378003
a 48 27 0 768912 1
a 49 27 0 768912 1
a 27 26 0 768912 1
a 27 25 0 768912 1
a 34 28 0 768912 1
a 44 28 0 143822 13901
a 33 28 0 143822 14
a 32 28 0 143822 21
a 31 28 0 143822 20
a 30 28 0 143822 23
a 29 28 0 143822 19
a 28 23 0 143822 36386
a 28 4 0 143822 285094
a 34 29 0 768912 1
a 38 29 0 143822 1329
a 47 29 0 143822 1000
a 33 29 0 143822 18
a 32 29 0 143822 5
a 31 29 0 143822 47
a 30 29 0 143822 17
a 29 28 0 143822 11
a 29 11 0 143822 240803
a 34 30 0 768912 1
a 41 30 0 143822 1277
a 44 30 0 143822 13557
a 33 30 0 143822 18
a 32 30 0 143822 18
a 31 30 0 143822 31
a 30 29 0 143822 12
a 30 28 0 143822 12
a 30 7 0 143822 29366
a 34 31 0 768912 1
a 45 31 0 143822 10342
a 33 31 0 143822 19
a 32 31 0 143822 25
a 31 30 0 143822 19
a 31 29 0 143822 17
a 31 28 0 143822 13
a 31 25 0 143822 758666
a 34 32 0 768912 1
a 47 32 0 143822 1153
a 33 32 0 143822 25
a 32 31 0 143822 20
a 32 30 0 143822 17
a 32 29 0 143822 7
a 32 28 0 143822 14
a 32 14 0 143822 404306
a 32 12 0 143822 240087
a 34 33 0 768912 1
a 45 33 0 143822 11457
a 33 32 0 143822 19
a 33 31 0 143822 19
a 33 30 0 143822 16
a 33 29 0 143822 15
a 33 28 0 143822 13
a 33 3 0 143822 269560
a 34 33 0 768912 1
a 34 32 0 768912 1
a 34 31 0 768912 1
a 34 30 0 768912 1
a 34 29 0 768912 1
a 34 28 0 768912 1
a 38 35 0 143822 535690
a 37 35 0 768912 1
a 46 35 0 143822 1763
a 36 35 0 287644 24
a 35 18 0 143822 57434
a 36 14 0 143822 99400
a 49 36 0 143822 105395
a 37 36 0 768912 1
a 36 35 0 287644 17
a 36 10 0 143822 195973
a 37 36 0 768912 1
a 37 35 0 768912 1
a 38 35 0 143822 546184
a 42 38 0 768912 1
a 47 38 0 143822 166
a 41 38 0 143822 22
a 40 38 0 143822 37
a 39 38 0 143822 55
a 38 29 0 143822 1453
a 38 7 0 143822 27765
a 39 12 0 143822 248876
a 42 39 0 768912 1
a 47 39 0 143822 163
a 44 39 0 143822 14579
a 41 39 0 143822 22
a 40 39 0 143822 32
a 39 38 0 143822 16
a 39 14 0 143822 362547
a 42 40 0 768912 2
a 45 40 0 143822 12236
a 41 40 0 143822 40
a 40 39 0 143822 22
a 40 38 0 143822 17
a 40 17 0 143822 421880
a 40 2 0 143822 273102
a 42 41 0 768912 1
a 47 41 0 143822 162
a 41 40 0 143822 22
a 41 39 0 143822 19
a 41 38 0 143822 16
a 41 30 0 143822 1309
a 41 20 0 143822 35443
a 42 41 0 768912 1
a 42 40 0 768912 2
a 42 39 0 768912 1
a 42 38 0 768912 1
a 43 15 0 143822 9596
a 43 1 0 143822 58571
a 44 39 0 143822 14539
a 44 30 0 143822 14099
a 44 28 0 143822 14803
a 45 40 0 143822 12268
a 45 33 0 143822 10845
a 45 31 0 143822 10797
a 46 35 0 143822 1764
a 46 18 0 143822 61712
a 47 41 0 143822 161
a 47 39 0 143822 163
a 47 38 0 143822 162
a 47 32 0 143822 1053
a 47 29 0 143822 1134
a 49 48 0 143822 4
a 48 26 0 143822 5
a 48 25 0 143822 4
a 48 27 0 768912 1
a 48 15 0 143822 261411
a 49 48 0 143822 4
a 49 26 0 143822 5
a 49 25 0 143822 5
a 49 27 0 768912 1
a 49 36 0 143822 106499

