c 1700 msec
p min 49 520
n 15 -769119
n 16 12506
n 17 12506
n 19 31265
n 20 31265
n 21 31265
n 22 31265
n 24 12506
n 25 12506
n 27 18759
n 28 18759
n 29 18759
n 30 18759
n 31 18759
n 32 18759
n 34 25012
n 35 25012
n 37 50024
n 38 50024
n 39 56277
n 40 50024
n 42 37518
n 43 56277
n 44 37518
n 45 12506
n 46 56277
n 47 12506
n 48 12506
a 1 5 0 769119 45
a 1 9 0 457273 86318
a 1 43 0 457273 101127
a 1 4 0 457273 192
a 1 3 0 457273 225
a 1 2 0 457273 241
a 2 5 0 769119 49
a 2 21 0 457273 344471
a 2 40 0 457273 304219
a 2 4 0 457273 256
a 2 3 0 457273 252
a 1 2 0 457273 301
a 3 5 0 769119 45
a 3 33 0 457273 300019
a 3 17 0 457273 138663
a 3 4 0 457273 175
a 2 3 0 457273 276
a 1 3 0 457273 238
a 4 15 0 457273 90240
a 4 5 0 769119 44
a 4 28 0 457273 351518
a 3 4 0 457273 253
a 2 4 0 457273 253
a 1 4 0 457273 217
a 4 5 0 769119 45
a 3 5 0 769119 45
a 2 5 0 769119 49
a 1 5 0 769119 46
a 6 8 0 769119 37
a 6 21 0 457273 19756
a 6 11 0 457273 341426
a 6 7 0 769119 268
a 7 8 0 769119 41
a 7 38 0 457273 56691
a 7 30 0 457273 62838
a 6 7 0 769119 199
a 7 8 0 769119 42
a 6 8 0 769119 38
a 9 13 0 769119 50
a 9 26 0 457273 411713
a 9 12 0 457273 591
a 9 11 0 457273 374
a 9 10 0 457273 228
a 1 9 0 457273 92303
a 10 13 0 769119 58
a 10 15 0 457273 123770
a 10 36 0 457273 251916
a 10 18 0 457273 150843
a 10 12 0 457273 578
a 10 11 0 457273 306
a 9 10 0 457273 296
a 11 12 0 457273 266
a 11 13 0 769119 56
a 11 29 0 457273 272292
a 10 11 0 457273 362
a 9 11 0 457273 263
a 6 11 0 457273 319572
a 11 12 0 457273 290
a 12 39 0 457273 274258
a 12 13 0 769119 70
a 12 32 0 457273 277297
a 12 22 0 457273 326977
a 10 12 0 457273 400
a 9 12 0 457273 377
a 12 13 0 769119 70
a 11 13 0 769119 57
a 10 13 0 769119 59
a 9 13 0 769119 50
a 14 36 0 457273 138478
a 14 16 0 769119 43
a 14 32 0 457273 418998
a 14 39 0 457273 431522
a 14 15 0 769119 298
a 15 48 0 457273 280474
a 4 15 0 457273 93347
a 15 43 0 457273 25506
a 15 16 0 769119 43
a 14 15 0 769119 293
a 10 15 0 457273 122879
a 15 16 0 769119 43
a 14 16 0 769119 43
a 17 19 0 769119 50
a 17 40 0 457273 425344
a 17 18 0 769119 312
a 3 17 0 457273 122255
a 18 19 0 769119 45
a 18 35 0 457273 120063
a 18 46 0 457273 99598
a 17 18 0 769119 244
a 10 18 0 457273 149250
a 18 19 0 769119 46
a 17 19 0 769119 51
a 20 24 0 769119 36
a 20 41 0 457273 66214
a 20 23 0 457273 106
a 20 22 0 457273 222
a 20 21 0 457273 221
a 21 24 0 769119 37
a 21 23 0 457273 238
a 21 22 0 457273 281
a 20 21 0 457273 179
a 6 21 0 457273 19549
a 2 21 0 457273 373222
a 22 24 0 769119 35
a 22 23 0 457273 263
a 21 22 0 457273 205
a 20 22 0 457273 244
a 12 22 0 457273 336787
a 23 24 0 769119 36
a 23 28 0 457273 69803
a 22 23 0 457273 383
a 21 23 0 457273 152
a 20 23 0 457273 143
a 23 24 0 769119 36
a 22 24 0 769119 35
a 21 24 0 769119 38
a 20 24 0 769119 36
a 25 26 0 457273 111
a 25 48 0 457273 92
a 25 49 0 457273 98
a 25 27 0 769119 40
a 25 31 0 457273 743517
a 25 26 0 457273 98
a 26 48 0 457273 192
a 26 49 0 457273 125
a 26 27 0 769119 36
a 9 26 0 457273 392235
a 27 48 0 769119 36
a 27 49 0 769119 36
a 26 27 0 769119 36
a 25 27 0 769119 39
a 28 34 0 769119 40
a 28 44 0 457273 36980
a 28 33 0 457273 213
a 28 32 0 457273 549
a 28 31 0 457273 296
a 28 30 0 457273 239
a 28 29 0 457273 281
a 23 28 0 457273 74355
a 4 28 0 457273 301423
a 29 34 0 769119 38
a 29 38 0 457273 6172
a 29 47 0 457273 5166
a 29 33 0 457273 293
a 29 32 0 457273 112
a 29 31 0 457273 780
a 29 30 0 457273 216
a 28 29 0 457273 181
a 11 29 0 457273 270680
a 30 34 0 769119 42
a 30 41 0 457273 5828
a 30 44 0 457273 33080
a 30 33 0 457273 239
a 30 32 0 457273 303
a 30 31 0 457273 707
a 29 30 0 457273 223
a 28 30 0 457273 261
a 7 30 0 457273 58814
a 31 34 0 769119 38
a 31 45 0 457273 31364
a 31 33 0 457273 240
a 31 32 0 457273 486
a 30 31 0 457273 251
a 29 31 0 457273 213
a 28 31 0 457273 248
a 25 31 0 457273 758666
a 32 34 0 769119 45
a 32 47 0 457273 5018
a 32 33 0 457273 430
a 31 32 0 457273 319
a 30 32 0 457273 258
a 29 32 0 457273 128
a 28 32 0 457273 295
a 14 32 0 457273 388943
a 12 32 0 457273 281725
a 33 34 0 769119 36
a 33 45 0 457273 29484
a 32 33 0 457273 274
a 31 33 0 457273 204
a 30 33 0 457273 270
a 29 33 0 457273 186
a 28 33 0 457273 258
a 3 33 0 457273 317741
a 33 34 0 769119 37
a 32 34 0 769119 46
a 31 34 0 769119 38
a 30 34 0 769119 42
a 29 34 0 769119 38
a 28 34 0 769119 41
a 35 38 0 457273 562960
a 35 37 0 769119 46
a 35 46 0 457273 7543
a 35 36 0 769119 348
a 18 35 0 457273 106673
a 14 36 0 457273 130862
a 36 49 0 457273 137280
a 36 37 0 769119 47
a 35 36 0 769119 391
a 10 36 0 457273 248879
a 36 37 0 769119 48
a 35 37 0 769119 47
a 35 38 0 457273 554830
a 38 42 0 769119 44
a 38 47 0 457273 1291
a 38 41 0 457273 319
a 38 40 0 457273 637
a 38 39 0 457273 867
a 29 38 0 457273 7943
a 7 38 0 457273 58165
a 12 39 0 457273 284559
a 39 42 0 769119 47
a 39 47 0 457273 1283
a 39 44 0 457273 36491
a 39 41 0 457273 331
a 39 40 0 457273 489
a 38 39 0 457273 296
a 14 39 0 457273 391031
a 40 42 0 769119 54
a 40 45 0 457273 32941
a 40 41 0 457273 460
a 39 40 0 457273 404
a 38 40 0 457273 339
a 17 40 0 457273 418971
a 2 40 0 457273 315968
a 41 42 0 769119 43
a 41 47 0 457273 1341
a 40 41 0 457273 319
a 39 41 0 457273 333
a 38 41 0 457273 326
a 30 41 0 457273 6425
a 20 41 0 457273 70458
a 41 42 0 769119 44
a 40 42 0 769119 54
a 39 42 0 769119 47
a 38 42 0 769119 45
a 15 43 0 457273 25280
a 1 43 0 457273 102154
a 39 44 0 457273 37691
a 30 44 0 457273 33088
a 28 44 0 457273 33717
a 40 45 0 457273 33335
a 33 45 0 457273 29416
a 31 45 0 457273 29076
a 35 46 0 457273 7701
a 18 46 0 457273 99492
a 41 47 0 457273 1320
a 39 47 0 457273 1303
a 38 47 0 457273 1292
a 32 47 0 457273 6097
a 29 47 0 457273 6637
a 48 49 0 457273 95
a 26 48 0 457273 103
a 25 48 0 457273 83
a 27 48 0 769119 37
a 15 48 0 457273 294526
a 48 49 0 457273 94
a 26 49 0 457273 98
a 25 49 0 457273 96
a 27 49 0 769119 36
a 36 49 0 457273 142786
a 5 1 0 769119 45
a 9 1 0 457273 86318
a 43 1 0 457273 101127
a 4 1 0 457273 192
a 3 1 0 457273 225
a 2 1 0 457273 241
a 5 2 0 769119 49
a 21 2 0 457273 344471
a 40 2 0 457273 304219
a 4 2 0 457273 256
a 3 2 0 457273 252
a 2 1 0 457273 301
a 5 3 0 769119 45
a 33 3 0 457273 300019
a 17 3 0 457273 138663
a 4 3 0 457273 175
a 3 2 0 457273 276
a 3 1 0 457273 238
a 15 4 0 457273 90240
a 5 4 0 769119 44
a 28 4 0 457273 351518
a 4 3 0 457273 253
a 4 2 0 457273 253
a 4 1 0 457273 217
a 5 4 0 769119 45
a 5 3 0 769119 45
a 5 2 0 769119 49
a 5 1 0 769119 46
a 8 6 0 769119 37
a 21 6 0 457273 19756
a 11 6 0 457273 341426
a 7 6 0 769119 268
a 8 7 0 769119 41
a 38 7 0 457273 56691
a 30 7 0 457273 62838
a 7 6 0 769119 199
a 8 7 0 769119 42
a 8 6 0 769119 38
a 13 9 0 769119 50
a 26 9 0 457273 411713
a 12 9 0 457273 591
a 11 9 0 457273 374
a 10 9 0 457273 228
a 9 1 0 457273 92303
a 13 10 0 769119 58
a 15 10 0 457273 123770
a 36 10 0 457273 251916
a 18 10 0 457273 150843
a 12 10 0 457273 578
a 11 10 0 457273 306
a 10 9 0 457273 296
a 12 11 0 457273 266
a 13 11 0 769119 56
a 29 11 0 457273 272292
a 11 10 0 457273 362
a 11 9 0 457273 263
a 11 6 0 457273 319572
a 12 11 0 457273 290
a 39 12 0 457273 274258
a 13 12 0 769119 70
a 32 12 0 457273 277297
a 22 12 0 457273 326977
a 12 10 0 457273 400
a 12 9 0 457273 377
a 13 12 0 769119 70
a 13 11 0 769119 57
a 13 10 0 769119 59
a 13 9 0 769119 50
a 36 14 0 457273 138478
a 16 14 0 769119 43
a 32 14 0 457273 418998
a 39 14 0 457273 431522
a 15 14 0 769119 298
a 48 15 0 457273 280474
a 15 4 0 457273 93347
a 43 15 0 457273 25506
a 16 15 0 769119 43
a 15 14 0 769119 293
a 15 10 0 457273 122879
a 16 15 0 769119 43
a 16 14 0 769119 43
a 19 17 0 769119 50
a 40 17 0 457273 425344
a 18 17 0 769119 312
a 17 3 0 457273 122255
a 19 18 0 769119 45
a 35 18 0 457273 120063
a 46 18 0 457273 99598
a 18 17 0 769119 244
a 18 10 0 457273 149250
a 19 18 0 769119 46
a 19 17 0 769119 51
a 24 20 0 769119 36
a 41 20 0 457273 66214
a 23 20 0 457273 106
a 22 20 0 457273 222
a 21 20 0 457273 221
a 24 21 0 769119 37
a 23 21 0 457273 238
a 22 21 0 457273 281
a 21 20 0 457273 179
a 21 6 0 457273 19549
a 21 2 0 457273 373222
a 24 22 0 769119 35
a 23 22 0 457273 263
a 22 21 0 457273 205
a 22 20 0 457273 244
a 22 12 0 457273 336787
a 24 23 0 769119 36
a 28 23 0 457273 69803
a 23 22 0 457273 383
a 23 21 0 457273 152
a 23 20 0 457273 143
a 24 23 0 769119 36
a 24 22 0 769119 35
a 24 21 0 769119 38
a 24 20 0 769119 36
a 26 25 0 457273 111
a 48 25 0 457273 92
a 49 25 0 457273 98
a 27 25 0 769119 40
a 31 25 0 457273 743517
a 26 25 0 457273 98
a 48 26 0 457273 192
a 49 26 0 457273 125
a 27 26 0 769119 36
a 26 9 0 457273 392235
a 48 27 0 769119 36
a 49 27 0 769119 36
a 27 26 0 769119 36
a 27 25 0 769119 39
a 34 28 0 769119 40
a 44 28 0 457273 36980
a 33 28 0 457273 213
a 32 28 0 457273 549
a 31 28 0 457273 296
a 30 28 0 457273 239
a 29 28 0 457273 281
a 28 23 0 457273 74355
a 28 4 0 457273 301423
a 34 29 0 769119 38
a 38 29 0 457273 6172
a 47 29 0 457273 5166
a 33 29 0 457273 293
a 32 29 0 457273 112
a 31 29 0 457273 780
a 30 29 0 457273 216
a 29 28 0 457273 181
a 29 11 0 457273 270680
a 34 30 0 769119 42
a 41 30 0 457273 5828
a 44 30 0 457273 33080
a 33 30 0 457273 239
a 32 30 0 457273 303
a 31 30 0 457273 707
a 30 29 0 457273 223
a 30 28 0 457273 261
a 30 7 0 457273 58814
a 34 31 0 769119 38
a 45 31 0 457273 31364
a 33 31 0 457273 240
a 32 31 0 457273 486
a 31 30 0 457273 251
a 31 29 0 457273 213
a 31 28 0 457273 248
a 31 25 0 457273 758666
a 34 32 0 769119 45
a 47 32 0 457273 5018
a 33 32 0 457273 430
a 32 31 0 457273 319
a 32 30 0 457273 258
a 32 29 0 457273 128
a 32 28 0 457273 295
a 32 14 0 457273 388943
a 32 12 0 457273 281725
a 34 33 0 769119 36
a 45 33 0 457273 29484
a 33 32 0 457273 274
a 33 31 0 457273 204
a 33 30 0 457273 270
a 33 29 0 457273 186
a 33 28 0 457273 258
a 33 3 0 457273 317741
a 34 33 0 769119 37
a 34 32 0 769119 46
a 34 31 0 769119 38
a 34 30 0 769119 42
a 34 29 0 769119 38
a 34 28 0 769119 41
a 38 35 0 457273 562960
a 37 35 0 769119 46
a 46 35 0 457273 7543
a 36 35 0 769119 348
a 35 18 0 457273 106673
a 36 14 0 457273 130862
a 49 36 0 457273 137280
a 37 36 0 769119 47
a 36 35 0 769119 391
a 36 10 0 457273 248879
a 37 36 0 769119 48
a 37 35 0 769119 47
a 38 35 0 457273 554830
a 42 38 0 769119 44
a 47 38 0 457273 1291
a 41 38 0 457273 319
a 40 38 0 457273 637
a 39 38 0 457273 867
a 38 29 0 457273 7943
a 38 7 0 457273 58165
a 39 12 0 457273 284559
a 42 39 0 769119 47
a 47 39 0 457273 1283
a 44 39 0 457273 36491
a 41 39 0 457273 331
a 40 39 0 457273 489
a 39 38 0 457273 296
a 39 14 0 457273 391031
a 42 40 0 769119 54
a 45 40 0 457273 32941
a 41 40 0 457273 460
a 40 39 0 457273 404
a 40 38 0 457273 339
a 40 17 0 457273 418971
a 40 2 0 457273 315968
a 42 41 0 769119 43
a 47 41 0 457273 1341
a 41 40 0 457273 319
a 41 39 0 457273 333
a 41 38 0 457273 326
a 41 30 0 457273 6425
a 41 20 0 457273 70458
a 42 41 0 769119 44
a 42 40 0 769119 54
a 42 39 0 769119 47
a 42 38 0 769119 45
a 43 15 0 457273 25280
a 43 1 0 457273 102154
a 44 39 0 457273 37691
a 44 30 0 457273 33088
a 44 28 0 457273 33717
a 45 40 0 457273 33335
a 45 33 0 457273 29416
a 45 31 0 457273 29076
a 46 35 0 457273 7701
a 46 18 0 457273 99492
a 47 41 0 457273 1320
a 47 39 0 457273 1303
a 47 38 0 457273 1292
a 47 32 0 457273 6097
a 47 29 0 457273 6637
a 49 48 0 457273 95
a 48 26 0 457273 103
a 48 25 0 457273 83
a 48 27 0 769119 37
a 48 15 0 457273 294526
a 49 48 0 457273 94
a 49 26 0 457273 98
a 49 25 0 457273 96
a 49 27 0 769119 36
a 49 36 0 457273 142786

