c 20 msec
p min 49 520
n 47 -769230
n 48 769230
a 1 5 0 769230 1132
a 1 9 0 769230 139617
a 1 43 0 769230 157606
a 1 4 0 769230 4012
a 1 3 0 769230 3982
a 1 2 0 769230 3981
a 2 5 0 769230 1203
a 2 21 0 769230 392882
a 2 40 0 769230 302104
a 2 4 0 769230 4035
a 2 3 0 769230 4058
a 1 2 0 769230 4619
a 3 5 0 769230 1116
a 3 33 0 769230 279571
a 3 17 0 769230 158826
a 3 4 0 769230 3029
a 2 3 0 769230 3919
a 1 3 0 769230 3894
a 4 15 0 769230 134798
a 4 5 0 769230 1114
a 4 28 0 769230 286024
a 3 4 0 769230 3237
a 2 4 0 769230 4312
a 1 4 0 769230 4550
a 4 5 0 769230 1114
a 3 5 0 769230 1115
a 2 5 0 769230 1187
a 1 5 0 769230 1133
a 6 8 0 769230 1010
a 6 21 0 769230 51024
a 6 11 0 769230 344029
a 6 7 0 769230 3892
a 7 8 0 769230 1063
a 7 38 0 769230 88552
a 7 30 0 769230 110658
a 6 7 0 769230 3922
a 7 8 0 769230 1063
a 6 8 0 769230 1012
a 9 13 0 769230 1211
a 9 26 0 769230 427384
a 9 12 0 769230 5236
a 9 11 0 769230 5166
a 9 10 0 769230 4208
a 1 9 0 769230 141010
a 10 13 0 769230 1313
a 10 15 0 769230 144194
a 10 36 0 769230 289084
a 10 18 0 769230 169258
a 10 12 0 769230 5309
a 10 11 0 769230 5711
a 9 10 0 769230 4280
a 11 12 0 769230 4097
a 11 13 0 769230 1277
a 11 29 0 769230 275397
a 10 11 0 769230 4847
a 9 11 0 769230 4704
a 6 11 0 769230 346916
a 11 12 0 769230 3918
a 12 39 0 769230 277739
a 12 13 0 769230 1506
a 12 32 0 769230 268469
a 12 22 0 769230 386618
a 10 12 0 769230 4748
a 9 12 0 769230 4934
a 12 13 0 769230 1504
a 11 13 0 769230 1278
a 10 13 0 769230 1313
a 9 13 0 769230 1217
a 14 36 0 769230 157665
a 14 16 0 769230 1108
a 14 32 0 769230 409855
a 14 39 0 769230 387705
a 14 15 0 769230 4654
a 15 48 0 769230 295507
a 4 15 0 769230 125083
a 15 43 0 769230 68526
a 15 16 0 769230 1091
a 14 15 0 769230 4175
a 10 15 0 769230 142826
a 15 16 0 769230 1093
a 14 16 0 769230 1105
a 17 19 0 769230 1218
a 17 40 0 769230 428780
a 17 18 0 769230 4630
a 3 17 0 769230 159542
a 18 19 0 769230 1130
a 18 35 0 769230 126603
a 18 46 0 769230 149079
a 17 18 0 769230 3495
a 10 18 0 769230 167220
a 18 19 0 769230 1142
a 17 19 0 769230 1217
a 20 24 0 769230 980
a 20 41 0 769230 131534
a 20 23 0 769230 2486
a 20 22 0 769230 3427
a 20 21 0 769230 3994
a 21 24 0 769230 992
a 21 23 0 769230 4111
a 21 22 0 769230 4402
a 20 21 0 769230 2937
a 6 21 0 769230 51697
a 2 21 0 769230 397352
a 22 24 0 769230 970
a 22 23 0 769230 3956
a 21 22 0 769230 3682
a 20 22 0 769230 3434
a 12 22 0 769230 368067
a 23 24 0 769230 987
a 23 28 0 769230 132359
a 22 23 0 769230 4065
a 21 23 0 769230 3584
a 20 23 0 769230 2499
a 23 24 0 769230 987
a 22 24 0 769230 969
a 21 24 0 769230 1000
a 20 24 0 769230 978
a 25 26 0 769230 2826
a 25 48 0 769230 1873
a 25 49 0 769230 2096
a 25 27 0 769230 1045
a 25 31 0 769230 758666
a 25 26 0 769230 2726
a 26 48 0 769230 2218
a 26 49 0 769230 2445
a 26 27 0 769230 994
a 9 26 0 769230 434017
a 27 48 0 769230 996
a 27 49 0 769230 979
a 26 27 0 769230 995
a 25 27 0 769230 1032
a 28 34 0 769230 1049
a 28 44 0 769230 88133
a 28 33 0 769230 3558
a 28 32 0 769230 4310
a 28 31 0 769230 3983
a 28 30 0 769230 4712
a 28 29 0 769230 4125
a 23 28 0 769230 139098
a 4 28 0 769230 277911
a 29 34 0 769230 1023
a 29 38 0 769230 28287
a 29 47 0 769230 23553
a 29 33 0 769230 3979
a 29 32 0 769230 2188
a 29 31 0 769230 6078
a 29 30 0 769230 4008
a 28 29 0 769230 3675
a 11 29 0 769230 273013
a 30 34 0 769230 1078
a 30 41 0 769230 29480
a 30 44 0 769230 81255
a 30 33 0 769230 3942
a 30 32 0 769230 4058
a 30 31 0 769230 4976
a 29 30 0 769230 3642
a 28 30 0 769230 3497
a 7 30 0 769230 108165
a 31 34 0 769230 1039
a 31 45 0 769230 72832
a 31 33 0 769230 3944
a 31 32 0 769230 4619
a 30 31 0 769230 4115
a 29 31 0 769230 3970
a 28 31 0 769230 3672
a 25 31 0 769230 737907
a 32 34 0 769230 1125
a 32 47 0 769230 23417
a 32 33 0 769230 4616
a 31 32 0 769230 4153
a 30 32 0 769230 3952
a 29 32 0 769230 2286
a 28 32 0 769230 3944
a 14 32 0 769230 442647
a 12 32 0 769230 276667
a 33 34 0 769230 968
a 33 45 0 769230 73382
a 32 33 0 769230 4159
a 31 33 0 769230 3978
a 30 33 0 769230 3819
a 29 33 0 769230 3842
a 28 33 0 769230 3619
a 3 33 0 769230 297311
a 33 34 0 769230 969
a 32 34 0 769230 1123
a 31 34 0 769230 1036
a 30 34 0 769230 1087
a 29 34 0 769230 1024
a 28 34 0 769230 1053
a 35 38 0 769230 548807
a 35 37 0 769230 1175
a 35 46 0 769230 32653
a 35 36 0 769230 4658
a 18 35 0 769230 125055
a 14 36 0 769230 159119
a 36 49 0 769230 150870
a 36 37 0 769230 1179
a 35 36 0 769230 4355
a 10 36 0 769230 293580
a 36 37 0 769230 1180
a 35 37 0 769230 1170
a 35 38 0 769230 599369
a 38 42 0 769230 1123
a 38 47 0 769230 9402
a 38 41 0 769230 4307
a 38 40 0 769230 5503
a 38 39 0 769230 6733
a 29 38 0 769230 28419
a 7 38 0 769230 90477
a 12 39 0 769230 276348
a 39 42 0 769230 1161
a 39 47 0 769230 9388
a 39 44 0 769230 78552
a 39 41 0 769230 4628
a 39 40 0 769230 5174
a 38 39 0 769230 4125
a 14 39 0 769230 418068
a 40 42 0 769230 1288
a 40 45 0 769230 79675
a 40 41 0 769230 6067
a 39 40 0 769230 4356
a 38 40 0 769230 4488
a 17 40 0 769230 431988
a 2 40 0 769230 302244
a 41 42 0 769230 1126
a 41 47 0 769230 8683
a 40 41 0 769230 4715
a 39 41 0 769230 4186
a 38 41 0 769230 4095
a 30 41 0 769230 27614
a 20 41 0 769230 134716
a 41 42 0 769230 1126
a 40 42 0 769230 1288
a 39 42 0 769230 1161
a 38 42 0 769230 1122
a 15 43 0 769230 67369
a 1 43 0 769230 163366
a 39 44 0 769230 78056
a 30 44 0 769230 84040
a 28 44 0 769230 80895
a 40 45 0 769230 80119
a 33 45 0 769230 70901
a 31 45 0 769230 70233
a 35 46 0 769230 32330
a 18 46 0 769230 152158
a 41 47 0 769230 8340
a 39 47 0 769230 9393
a 38 47 0 769230 9586
a 32 47 0 769230 22948
a 29 47 0 769230 27171
a 48 49 0 769230 1820
a 26 48 0 769230 2163
a 25 48 0 769230 2004
a 27 48 0 769230 996
a 15 48 0 769230 312531
a 48 49 0 769230 1865
a 26 49 0 769230 2003
a 25 49 0 769230 2001
a 27 49 0 769230 971
a 36 49 0 769230 142820
a 5 1 0 769230 1132
a 9 1 0 769230 139617
a 43 1 0 769230 157606
a 4 1 0 769230 4012
a 3 1 0 769230 3982
a 2 1 0 769230 3981
a 5 2 0 769230 1203
a 21 2 0 769230 392882
a 40 2 0 769230 302104
a 4 2 0 769230 4035
a 3 2 0 769230 4058
a 2 1 0 769230 4619
a 5 3 0 769230 1116
a 33 3 0 769230 279571
a 17 3 0 769230 158826
a 4 3 0 769230 3029
a 3 2 0 769230 3919
a 3 1 0 769230 3894
a 15 4 0 769230 134798
a 5 4 0 769230 1114
a 28 4 0 769230 286024
a 4 3 0 769230 3237
a 4 2 0 769230 4312
a 4 1 0 769230 4550
a 5 4 0 769230 1114
a 5 3 0 769230 1115
a 5 2 0 769230 1187
a 5 1 0 769230 1133
a 8 6 0 769230 1010
a 21 6 0 769230 51024
a 11 6 0 769230 344029
a 7 6 0 769230 3892
a 8 7 0 769230 1063
a 38 7 0 769230 88552
a 30 7 0 769230 110658
a 7 6 0 769230 3922
a 8 7 0 769230 1063
a 8 6 0 769230 1012
a 13 9 0 769230 1211
a 26 9 0 769230 427384
a 12 9 0 769230 5236
a 11 9 0 769230 5166
a 10 9 0 769230 4208
a 9 1 0 769230 141010
a 13 10 0 769230 1313
a 15 10 0 769230 144194
a 36 10 0 769230 289084
a 18 10 0 769230 169258
a 12 10 0 769230 5309
a 11 10 0 769230 5711
a 10 9 0 769230 4280
a 12 11 0 769230 4097
a 13 11 0 769230 1277
a 29 11 0 769230 275397
a 11 10 0 769230 4847
a 11 9 0 769230 4704
a 11 6 0 769230 346916
a 12 11 0 769230 3918
a 39 12 0 769230 277739
a 13 12 0 769230 1506
a 32 12 0 769230 268469
a 22 12 0 769230 386618
a 12 10 0 769230 4748
a 12 9 0 769230 4934
a 13 12 0 769230 1504
a 13 11 0 769230 1278
a 13 10 0 769230 1313
a 13 9 0 769230 1217
a 36 14 0 769230 157665
a 16 14 0 769230 1108
a 32 14 0 769230 409855
a 39 14 0 769230 387705
a 15 14 0 769230 4654
a 48 15 0 769230 295507
a 15 4 0 769230 125083
a 43 15 0 769230 68526
a 16 15 0 769230 1091
a 15 14 0 769230 4175
a 15 10 0 769230 142826
a 16 15 0 769230 1093
a 16 14 0 769230 1105
a 19 17 0 769230 1218
a 40 17 0 769230 428780
a 18 17 0 769230 4630
a 17 3 0 769230 159542
a 19 18 0 769230 1130
a 35 18 0 769230 126603
a 46 18 0 769230 149079
a 18 17 0 769230 3495
a 18 10 0 769230 167220
a 19 18 0 769230 1142
a 19 17 0 769230 1217
a 24 20 0 769230 980
a 41 20 0 769230 131534
a 23 20 0 769230 2486
a 22 20 0 769230 3427
a 21 20 0 769230 3994
a 24 21 0 769230 992
a 23 21 0 769230 4111
a 22 21 0 769230 4402
a 21 20 0 769230 2937
a 21 6 0 769230 51697
a 21 2 0 769230 397352
a 24 22 0 769230 970
a 23 22 0 769230 3956
a 22 21 0 769230 3682
a 22 20 0 769230 3434
a 22 12 0 769230 368067
a 24 23 0 769230 987
a 28 23 0 769230 132359
a 23 22 0 769230 4065
a 23 21 0 769230 3584
a 23 20 0 769230 2499
a 24 23 0 769230 987
a 24 22 0 769230 969
a 24 21 0 769230 1000
a 24 20 0 769230 978
a 26 25 0 769230 2826
a 48 25 0 769230 1873
a 49 25 0 769230 2096
a 27 25 0 769230 1045
a 31 25 0 769230 758666
a 26 25 0 769230 2726
a 48 26 0 769230 2218
a 49 26 0 769230 2445
a 27 26 0 769230 994
a 26 9 0 769230 434017
a 48 27 0 769230 996
a 49 27 0 769230 979
a 27 26 0 769230 995
a 27 25 0 769230 1032
a 34 28 0 769230 1049
a 44 28 0 769230 88133
a 33 28 0 769230 3558
a 32 28 0 769230 4310
a 31 28 0 769230 3983
a 30 28 0 769230 4712
a 29 28 0 769230 4125
a 28 23 0 769230 139098
a 28 4 0 769230 277911
a 34 29 0 769230 1023
a 38 29 0 769230 28287
a 47 29 0 769230 23553
a 33 29 0 769230 3979
a 32 29 0 769230 2188
a 31 29 0 769230 6078
a 30 29 0 769230 4008
a 29 28 0 769230 3675
a 29 11 0 769230 273013
a 34 30 0 769230 1078
a 41 30 0 769230 29480
a 44 30 0 769230 81255
a 33 30 0 769230 3942
a 32 30 0 769230 4058
a 31 30 0 769230 4976
a 30 29 0 769230 3642
a 30 28 0 769230 3497
a 30 7 0 769230 108165
a 34 31 0 769230 1039
a 45 31 0 769230 72832
a 33 31 0 769230 3944
a 32 31 0 769230 4619
a 31 30 0 769230 4115
a 31 29 0 769230 3970
a 31 28 0 769230 3672
a 31 25 0 769230 737907
a 34 32 0 769230 1125
a 47 32 0 769230 23417
a 33 32 0 769230 4616
a 32 31 0 769230 4153
a 32 30 0 769230 3952
a 32 29 0 769230 2286
a 32 28 0 769230 3944
a 32 14 0 769230 442647
a 32 12 0 769230 276667
a 34 33 0 769230 968
a 45 33 0 769230 73382
a 33 32 0 769230 4159
a 33 31 0 769230 3978
a 33 30 0 769230 3819
a 33 29 0 769230 3842
a 33 28 0 769230 3619
a 33 3 0 769230 297311
a 34 33 0 769230 969
a 34 32 0 769230 1123
a 34 31 0 769230 1036
a 34 30 0 769230 1087
a 34 29 0 769230 1024
a 34 28 0 769230 1053
a 38 35 0 769230 548807
a 37 35 0 769230 1175
a 46 35 0 769230 32653
a 36 35 0 769230 4658
a 35 18 0 769230 125055
a 36 14 0 769230 159119
a 49 36 0 769230 150870
a 37 36 0 769230 1179
a 36 35 0 769230 4355
a 36 10 0 769230 293580
a 37 36 0 769230 1180
a 37 35 0 769230 1170
a 38 35 0 769230 599369
a 42 38 0 769230 1123
a 47 38 0 769230 9402
a 41 38 0 769230 4307
a 40 38 0 769230 5503
a 39 38 0 769230 6733
a 38 29 0 769230 28419
a 38 7 0 769230 90477
a 39 12 0 769230 276348
a 42 39 0 769230 1161
a 47 39 0 769230 9388
a 44 39 0 769230 78552
a 41 39 0 769230 4628
a 40 39 0 769230 5174
a 39 38 0 769230 4125
a 39 14 0 769230 418068
a 42 40 0 769230 1288
a 45 40 0 769230 79675
a 41 40 0 769230 6067
a 40 39 0 769230 4356
a 40 38 0 769230 4488
a 40 17 0 769230 431988
a 40 2 0 769230 302244
a 42 41 0 769230 1126
a 47 41 0 769230 8683
a 41 40 0 769230 4715
a 41 39 0 769230 4186
a 41 38 0 769230 4095
a 41 30 0 769230 27614
a 41 20 0 769230 134716
a 42 41 0 769230 1126
a 42 40 0 769230 1288
a 42 39 0 769230 1161
a 42 38 0 769230 1122
a 43 15 0 769230 67369
a 43 1 0 769230 163366
a 44 39 0 769230 78056
a 44 30 0 769230 84040
a 44 28 0 769230 80895
a 45 40 0 769230 80119
a 45 33 0 769230 70901
a 45 31 0 769230 70233
a 46 35 0 769230 32330
a 46 18 0 769230 152158
a 47 41 0 769230 8340
a 47 39 0 769230 9393
a 47 38 0 769230 9586
a 47 32 0 769230 22948
a 47 29 0 769230 27171
a 49 48 0 769230 1820
a 48 26 0 769230 2163
a 48 25 0 769230 2004
a 48 27 0 769230 996
a 48 15 0 769230 312531
a 49 48 0 769230 1865
a 49 26 0 769230 2003
a 49 25 0 769230 2001
a 49 27 0 769230 971
a 49 36 0 769230 142820

