c 510 msec
p min 49 520
n 26 -769076
n 27 30492
n 28 30492
n 29 30492
n 30 30492
n 31 30492
n 32 30492
n 34 33880
n 35 37268
n 37 50820
n 38 47432
n 39 47432
n 40 47432
n 42 20328
n 43 115192
n 44 37268
n 45 23716
n 46 125356
a 1 5 0 769076 1124
a 1 9 0 263174 137105
a 1 43 0 263174 144295
a 1 4 0 263174 3585
a 1 3 0 263174 3629
a 1 2 0 263174 3788
a 2 5 0 769076 1188
a 2 21 0 263174 339378
a 2 40 0 263174 279001
a 2 4 0 263174 4293
a 2 3 0 263174 4220
a 1 2 0 263174 4327
a 3 5 0 769076 1111
a 3 33 0 263174 263848
a 3 17 0 263174 144338
a 3 4 0 263174 3178
a 2 3 0 263174 4335
a 1 3 0 263174 3919
a 4 15 0 263174 129683
a 4 5 0 769076 1105
a 4 28 0 263174 255026
a 3 4 0 263174 4040
a 2 4 0 263174 4270
a 1 4 0 263174 3721
a 4 5 0 769076 1096
a 3 5 0 769076 1108
a 2 5 0 769076 1174
a 1 5 0 769076 1128
a 6 8 0 769076 1012
a 6 21 0 263174 48233
a 6 11 0 263174 304374
a 6 7 0 526347 3971
a 7 8 0 769076 1068
a 7 38 0 263174 84817
a 7 30 0 263174 93402
a 6 7 0 526347 3227
a 7 8 0 769076 1069
a 6 8 0 769076 1006
a 9 13 0 769076 1204
a 9 26 0 263174 382486
a 9 12 0 263174 7341
a 9 11 0 263174 5046
a 9 10 0 263174 3837
a 1 9 0 263174 136167
a 10 13 0 769076 1295
a 10 15 0 263174 133907
a 10 36 0 263174 264803
a 10 18 0 263174 157831
a 10 12 0 263174 6127
a 10 11 0 263174 4408
a 9 10 0 263174 4519
a 11 12 0 263174 4225
a 11 13 0 769076 1285
a 11 29 0 263174 232326
a 10 11 0 263174 4884
a 9 11 0 263174 4232
a 6 11 0 263174 284078
a 11 12 0 263174 4495
a 12 39 0 263174 239905
a 12 13 0 769076 1460
a 12 32 0 263174 233885
a 12 22 0 263174 332562
a 10 12 0 263174 4954
a 9 12 0 263174 5005
a 12 13 0 769076 1463
a 11 13 0 769076 1282
a 10 13 0 769076 1296
a 9 13 0 769076 1194
a 14 36 0 263174 134638
a 14 16 0 769076 1098
a 14 32 0 263174 347868
a 14 39 0 263174 420080
a 14 15 0 526347 4541
a 15 48 0 263174 252988
a 4 15 0 263174 132087
a 15 43 0 263174 63128
a 15 16 0 769076 1085
a 14 15 0 526347 4450
a 10 15 0 263174 133849
a 15 16 0 769076 1085
a 14 16 0 769076 1096
a 17 19 0 769076 1199
a 17 40 0 263174 378233
a 17 18 0 526347 4483
a 3 17 0 263174 139216
a 18 19 0 769076 1122
a 18 35 0 263174 118757
a 18 46 0 263174 132443
a 17 18 0 526347 4204
a 10 18 0 263174 159089
a 18 19 0 769076 1130
a 17 19 0 769076 1200
a 20 24 0 769076 975
a 20 41 0 263174 116810
a 20 23 0 263174 2238
a 20 22 0 263174 3674
a 20 21 0 263174 3740
a 21 24 0 769076 994
a 21 23 0 263174 3859
a 21 22 0 263174 4125
a 20 21 0 263174 3447
a 6 21 0 263174 48651
a 2 21 0 263174 340078
a 22 24 0 769076 965
a 22 23 0 263174 3859
a 21 22 0 263174 3600
a 20 22 0 263174 3685
a 12 22 0 263174 333245
a 23 24 0 769076 983
a 23 28 0 263174 124960
a 22 23 0 263174 4386
a 21 23 0 263174 3160
a 20 23 0 263174 2712
a 23 24 0 769076 986
a 22 24 0 769076 968
a 21 24 0 769076 997
a 20 24 0 769076 975
a 25 26 0 263174 2189
a 25 48 0 263174 1769
a 25 49 0 263174 2005
a 25 27 0 769076 1072
a 25 31 0 263174 758666
a 25 26 0 263174 2089
a 26 48 0 263174 3281
a 26 49 0 263174 2392
a 26 27 0 769076 994
a 9 26 0 263174 381946
a 27 48 0 769076 983
a 27 49 0 769076 970
a 26 27 0 769076 995
a 25 27 0 769076 1028
a 28 34 0 769076 1037
a 28 44 0 263174 76935
a 28 33 0 263174 3370
a 28 32 0 263174 6498
a 28 31 0 263174 4158
a 28 30 0 263174 3699
a 28 29 0 263174 4101
a 23 28 0 263174 135767
a 4 28 0 263174 261109
a 29 34 0 769076 997
a 29 38 0 263174 26152
a 29 47 0 263174 24091
a 29 33 0 263174 4405
a 29 32 0 263174 2176
a 29 31 0 263174 8000
a 29 30 0 263174 3592
a 28 29 0 263174 3227
a 11 29 0 263174 229598
a 30 34 0 769076 1058
a 30 41 0 263174 29503
a 30 44 0 263174 71591
a 30 33 0 263174 3781
a 30 32 0 263174 4299
a 30 31 0 263174 7589
a 29 30 0 263174 3925
a 28 30 0 263174 4112
a 7 30 0 263174 91252
a 31 34 0 769076 1012
a 31 45 0 263174 65929
a 31 33 0 263174 3665
a 31 32 0 263174 5881
a 30 31 0 263174 3842
a 29 31 0 263174 3856
a 28 31 0 263174 3939
a 25 31 0 263174 706454
a 32 34 0 769076 1124
a 32 47 0 263174 28602
a 32 33 0 263174 5546
a 31 32 0 263174 4439
a 30 32 0 263174 3950
a 29 32 0 263174 2135
a 28 32 0 263174 4409
a 14 32 0 263174 414037
a 12 32 0 263174 232309
a 33 34 0 769076 969
a 33 45 0 263174 66473
a 32 33 0 263174 4133
a 31 33 0 263174 3155
a 30 33 0 263174 4018
a 29 33 0 263174 3233
a 28 33 0 263174 3824
a 3 33 0 263174 254989
a 33 34 0 769076 974
a 32 34 0 769076 1123
a 31 34 0 769076 1013
a 30 34 0 769076 1058
a 29 34 0 769076 998
a 28 34 0 769076 1036
a 35 38 0 263174 480413
a 35 37 0 769076 1148
a 35 46 0 263174 30528
a 35 36 0 526347 4710
a 18 35 0 263174 116718
a 14 36 0 263174 133691
a 36 49 0 263174 123107
a 36 37 0 769076 1157
a 35 36 0 526347 5273
a 10 36 0 263174 264581
a 36 37 0 769076 1157
a 35 37 0 769076 1149
a 35 38 0 263174 483148
a 38 42 0 769076 1111
a 38 47 0 263174 8710
a 38 41 0 263174 4395
a 38 40 0 263174 7118
a 38 39 0 263174 8519
a 29 38 0 263174 27560
a 7 38 0 263174 82781
a 12 39 0 263174 237886
a 39 42 0 769076 1154
a 39 47 0 263174 9065
a 39 44 0 263174 75858
a 39 41 0 263174 4531
a 39 40 0 263174 6038
a 38 39 0 263174 4166
a 14 39 0 263174 392457
a 40 42 0 769076 1256
a 40 45 0 263174 77368
a 40 41 0 263174 6214
a 39 40 0 263174 4905
a 38 40 0 263174 4724
a 17 40 0 263174 373089
a 2 40 0 263174 259685
a 41 42 0 769076 1097
a 41 47 0 263174 8459
a 40 41 0 263174 4754
a 39 41 0 263174 4438
a 38 41 0 263174 4384
a 30 41 0 263174 26993
a 20 41 0 263174 126042
a 41 42 0 769076 1099
a 40 42 0 769076 1257
a 39 42 0 769076 1154
a 38 42 0 769076 1107
a 15 43 0 263174 63179
a 1 43 0 263174 133919
a 39 44 0 263174 77030
a 30 44 0 263174 71311
a 28 44 0 263174 72625
a 40 45 0 263174 77594
a 33 45 0 263174 65444
a 31 45 0 263174 65655
a 35 46 0 263174 30741
a 18 46 0 263174 132393
a 41 47 0 263174 8665
a 39 47 0 263174 9022
a 38 47 0 263174 8704
a 32 47 0 263174 25153
a 29 47 0 263174 24005
a 48 49 0 263174 1855
a 26 48 0 263174 2108
a 25 48 0 263174 1690
a 27 48 0 769076 994
a 15 48 0 263174 246476
a 48 49 0 263174 1856
a 26 49 0 263174 2042
a 25 49 0 263174 2104
a 27 49 0 769076 971
a 36 49 0 263174 121856
a 5 1 0 769076 1124
a 9 1 0 263174 137105
a 43 1 0 263174 144295
a 4 1 0 263174 3585
a 3 1 0 263174 3629
a 2 1 0 263174 3788
a 5 2 0 769076 1188
a 21 2 0 263174 339378
a 40 2 0 263174 279001
a 4 2 0 263174 4293
a 3 2 0 263174 4220
a 2 1 0 263174 4327
a 5 3 0 769076 1111
a 33 3 0 263174 263848
a 17 3 0 263174 144338
a 4 3 0 263174 3178
a 3 2 0 263174 4335
a 3 1 0 263174 3919
a 15 4 0 263174 129683
a 5 4 0 769076 1105
a 28 4 0 263174 255026
a 4 3 0 263174 4040
a 4 2 0 263174 4270
a 4 1 0 263174 3721
a 5 4 0 769076 1096
a 5 3 0 769076 1108
a 5 2 0 769076 1174
a 5 1 0 769076 1128
a 8 6 0 769076 1012
a 21 6 0 263174 48233
a 11 6 0 263174 304374
a 7 6 0 526347 3971
a 8 7 0 769076 1068
a 38 7 0 263174 84817
a 30 7 0 263174 93402
a 7 6 0 526347 3227
a 8 7 0 769076 1069
a 8 6 0 769076 1006
a 13 9 0 769076 1204
a 26 9 0 263174 382486
a 12 9 0 263174 7341
a 11 9 0 263174 5046
a 10 9 0 263174 3837
a 9 1 0 263174 136167
a 13 10 0 769076 1295
a 15 10 0 263174 133907
a 36 10 0 263174 264803
a 18 10 0 263174 157831
a 12 10 0 263174 6127
a 11 10 0 263174 4408
a 10 9 0 263174 4519
a 12 11 0 263174 4225
a 13 11 0 769076 1285
a 29 11 0 263174 232326
a 11 10 0 263174 4884
a 11 9 0 263174 4232
a 11 6 0 263174 284078
a 12 11 0 263174 4495
a 39 12 0 263174 239905
a 13 12 0 769076 1460
a 32 12 0 263174 233885
a 22 12 0 263174 332562
a 12 10 0 263174 4954
a 12 9 0 263174 5005
a 13 12 0 769076 1463
a 13 11 0 769076 1282
a 13 10 0 769076 1296
a 13 9 0 769076 1194
a 36 14 0 263174 134638
a 16 14 0 769076 1098
a 32 14 0 263174 347868
a 39 14 0 263174 420080
a 15 14 0 526347 4541
a 48 15 0 263174 252988
a 15 4 0 263174 132087
a 43 15 0 263174 63128
a 16 15 0 769076 1085
a 15 14 0 526347 4450
a 15 10 0 263174 133849
a 16 15 0 769076 1085
a 16 14 0 769076 1096
a 19 17 0 769076 1199
a 40 17 0 263174 378233
a 18 17 0 526347 4483
a 17 3 0 263174 139216
a 19 18 0 769076 1122
a 35 18 0 263174 118757
a 46 18 0 263174 132443
a 18 17 0 526347 4204
a 18 10 0 263174 159089
a 19 18 0 769076 1130
a 19 17 0 769076 1200
a 24 20 0 769076 975
a 41 20 0 263174 116810
a 23 20 0 263174 2238
a 22 20 0 263174 3674
a 21 20 0 263174 3740
a 24 21 0 769076 994
a 23 21 0 263174 3859
a 22 21 0 263174 4125
a 21 20 0 263174 3447
a 21 6 0 263174 48651
a 21 2 0 263174 340078
a 24 22 0 769076 965
a 23 22 0 263174 3859
a 22 21 0 263174 3600
a 22 20 0 263174 3685
a 22 12 0 263174 333245
a 24 23 0 769076 983
a 28 23 0 263174 124960
a 23 22 0 263174 4386
a 23 21 0 263174 3160
a 23 20 0 263174 2712
a 24 23 0 769076 986
a 24 22 0 769076 968
a 24 21 0 769076 997
a 24 20 0 769076 975
a 26 25 0 263174 2189
a 48 25 0 263174 1769
a 49 25 0 263174 2005
a 27 25 0 769076 1072
a 31 25 0 263174 758666
a 26 25 0 263174 2089
a 48 26 0 263174 3281
a 49 26 0 263174 2392
a 27 26 0 769076 994
a 26 9 0 263174 381946
a 48 27 0 769076 983
a 49 27 0 769076 970
a 27 26 0 769076 995
a 27 25 0 769076 1028
a 34 28 0 769076 1037
a 44 28 0 263174 76935
a 33 28 0 263174 3370
a 32 28 0 263174 6498
a 31 28 0 263174 4158
a 30 28 0 263174 3699
a 29 28 0 263174 4101
a 28 23 0 263174 135767
a 28 4 0 263174 261109
a 34 29 0 769076 997
a 38 29 0 263174 26152
a 47 29 0 263174 24091
a 33 29 0 263174 4405
a 32 29 0 263174 2176
a 31 29 0 263174 8000
a 30 29 0 263174 3592
a 29 28 0 263174 3227
a 29 11 0 263174 229598
a 34 30 0 769076 1058
a 41 30 0 263174 29503
a 44 30 0 263174 71591
a 33 30 0 263174 3781
a 32 30 0 263174 4299
a 31 30 0 263174 7589
a 30 29 0 263174 3925
a 30 28 0 263174 4112
a 30 7 0 263174 91252
a 34 31 0 769076 1012
a 45 31 0 263174 65929
a 33 31 0 263174 3665
a 32 31 0 263174 5881
a 31 30 0 263174 3842
a 31 29 0 263174 3856
a 31 28 0 263174 3939
a 31 25 0 263174 706454
a 34 32 0 769076 1124
a 47 32 0 263174 28602
a 33 32 0 263174 5546
a 32 31 0 263174 4439
a 32 30 0 263174 3950
a 32 29 0 263174 2135
a 32 28 0 263174 4409
a 32 14 0 263174 414037
a 32 12 0 263174 232309
a 34 33 0 769076 969
a 45 33 0 263174 66473
a 33 32 0 263174 4133
a 33 31 0 263174 3155
a 33 30 0 263174 4018
a 33 29 0 263174 3233
a 33 28 0 263174 3824
a 33 3 0 263174 254989
a 34 33 0 769076 974
a 34 32 0 769076 1123
a 34 31 0 769076 1013
a 34 30 0 769076 1058
a 34 29 0 769076 998
a 34 28 0 769076 1036
a 38 35 0 263174 480413
a 37 35 0 769076 1148
a 46 35 0 263174 30528
a 36 35 0 526347 4710
a 35 18 0 263174 116718
a 36 14 0 263174 133691
a 49 36 0 263174 123107
a 37 36 0 769076 1157
a 36 35 0 526347 5273
a 36 10 0 263174 264581
a 37 36 0 769076 1157
a 37 35 0 769076 1149
a 38 35 0 263174 483148
a 42 38 0 769076 1111
a 47 38 0 263174 8710
a 41 38 0 263174 4395
a 40 38 0 263174 7118
a 39 38 0 263174 8519
a 38 29 0 263174 27560
a 38 7 0 263174 82781
a 39 12 0 263174 237886
a 42 39 0 769076 1154
a 47 39 0 263174 9065
a 44 39 0 263174 75858
a 41 39 0 263174 4531
a 40 39 0 263174 6038
a 39 38 0 263174 4166
a 39 14 0 263174 392457
a 42 40 0 769076 1256
a 45 40 0 263174 77368
a 41 40 0 263174 6214
a 40 39 0 263174 4905
a 40 38 0 263174 4724
a 40 17 0 263174 373089
a 40 2 0 263174 259685
a 42 41 0 769076 1097
a 47 41 0 263174 8459
a 41 40 0 263174 4754
a 41 39 0 263174 4438
a 41 38 0 263174 4384
a 41 30 0 263174 26993
a 41 20 0 263174 126042
a 42 41 0 769076 1099
a 42 40 0 769076 1257
a 42 39 0 769076 1154
a 42 38 0 769076 1107
a 43 15 0 263174 63179
a 43 1 0 263174 133919
a 44 39 0 263174 77030
a 44 30 0 263174 71311
a 44 28 0 263174 72625
a 45 40 0 263174 77594
a 45 33 0 263174 65444
a 45 31 0 263174 65655
a 46 35 0 263174 30741
a 46 18 0 263174 132393
a 47 41 0 263174 8665
a 47 39 0 263174 9022
a 47 38 0 263174 8704
a 47 32 0 263174 25153
a 47 29 0 263174 24005
a 49 48 0 263174 1855
a 48 26 0 263174 2108
a 48 25 0 263174 1690
a 48 27 0 769076 994
a 48 15 0 263174 246476
a 49 48 0 263174 1856
a 49 26 0 263174 2042
a 49 25 0 263174 2104
a 49 27 0 769076 971
a 49 36 0 263174 121856

