c 65330 msec
p min 49 520
n 15 -769119
n 16 12506
n 17 12506
n 19 31265
n 20 31265
n 21 31265
n 22 31265
n 24 12506
n 25 12506
n 27 18759
n 28 18759
n 29 18759
n 30 18759
n 31 18759
n 32 18759
n 34 25012
n 35 25012
n 37 50024
n 38 50024
n 39 56277
n 40 50024
n 42 37518
n 43 56277
n 44 37518
n 45 12506
n 46 56277
n 47 12506
n 48 12506
a 1 5 0 769119 1
a 1 9 0 444730 56488
a 1 43 0 444730 75590
a 1 4 0 444730 10
a 1 3 0 444730 12
a 1 2 0 444730 14
a 2 5 0 769119 2
a 2 21 0 444730 375845
a 2 40 0 444730 361464
a 2 4 0 444730 16
a 2 3 0 444730 16
a 1 2 0 444730 19
a 3 5 0 769119 1
a 3 33 0 444730 358639
a 3 17 0 444730 129712
a 3 4 0 444730 10
a 2 3 0 444730 19
a 1 3 0 444730 14
a 4 15 0 444730 73647
a 4 5 0 769119 1
a 4 28 0 444730 381118
a 3 4 0 444730 17
a 2 4 0 444730 15
a 1 4 0 444730 12
a 4 5 0 769119 1
a 3 5 0 769119 1
a 2 5 0 769119 2
a 1 5 0 769119 1
a 6 8 0 769119 1
a 6 21 0 444730 7064
a 6 11 0 444730 358061
a 6 7 0 769119 17
a 7 8 0 769119 1
a 7 38 0 444730 35424
a 7 30 0 444730 36057
a 6 7 0 769119 11
a 7 8 0 769119 1
a 6 8 0 769119 1
a 9 13 0 769119 2
a 9 26 0 444730 398186
a 9 12 0 444730 49
a 9 11 0 444730 27
a 9 10 0 444730 14
a 1 9 0 444730 59697
a 10 13 0 769119 2
a 10 15 0 444730 108447
a 10 36 0 444730 235434
a 10 18 0 444730 149790
a 10 12 0 444730 51
a 10 11 0 444730 21
a 9 10 0 444730 20
a 11 12 0 444730 17
a 11 13 0 769119 2
a 11 29 0 444730 338950
a 10 11 0 444730 27
a 9 11 0 444730 17
a 6 11 0 444730 352446
a 11 12 0 444730 19
a 12 39 0 444730 333359
a 12 13 0 769119 3
a 12 32 0 444730 330382
a 12 22 0 444730 351590
a 10 12 0 444730 29
a 9 12 0 444730 27
a 12 13 0 769119 3
a 11 13 0 769119 2
a 10 13 0 769119 2
a 9 13 0 769119 2
a 14 36 0 444730 133640
a 14 16 0 769119 1
a 14 32 0 444730 422849
a 14 39 0 444730 415850
a 14 15 0 769119 18
a 15 48 0 444730 305774
a 4 15 0 444730 75898
a 15 43 0 444730 9740
a 15 16 0 769119 1
a 14 15 0 769119 16
a 10 15 0 444730 108881
a 15 16 0 769119 1
a 14 16 0 769119 1
a 17 19 0 769119 2
a 17 40 0 444730 479007
a 17 18 0 769119 21
a 3 17 0 444730 132352
a 18 19 0 769119 1
a 18 35 0 444730 85936
a 18 46 0 444730 85331
a 17 18 0 769119 13
a 10 18 0 444730 150194
a 18 19 0 769119 1
a 17 19 0 769119 2
a 20 24 0 769119 1
a 20 41 0 444730 40208
a 20 23 0 444730 5
a 20 22 0 444730 14
a 20 21 0 444730 13
a 21 24 0 769119 1
a 21 23 0 444730 14
a 21 22 0 444730 19
a 20 21 0 444730 9
a 6 21 0 444730 7024
a 2 21 0 444730 398068
a 22 24 0 769119 1
a 22 23 0 444730 16
a 21 22 0 444730 11
a 20 22 0 444730 16
a 12 22 0 444730 353686
a 23 24 0 769119 1
a 23 28 0 444730 40427
a 22 23 0 444730 30
a 21 23 0 444730 7
a 20 23 0 444730 7
a 23 24 0 769119 1
a 22 24 0 769119 1
a 21 24 0 769119 1
a 20 24 0 769119 1
a 25 26 0 444730 5
a 25 48 0 444730 4
a 25 49 0 444730 4
a 25 27 0 769119 1
a 25 31 0 444730 754343
a 25 26 0 444730 4
a 26 48 0 444730 11
a 26 49 0 444730 6
a 26 27 0 769119 1
a 9 26 0 444730 411424
a 27 48 0 769119 1
a 27 49 0 769119 1
a 26 27 0 769119 1
a 25 27 0 769119 1
a 28 34 0 769119 1
a 28 44 0 444730 16039
a 28 33 0 444730 13
a 28 32 0 444730 45
a 28 31 0 444730 20
a 28 30 0 444730 15
a 28 29 0 444730 19
a 23 28 0 444730 40657
a 4 28 0 444730 368337
a 29 34 0 769119 1
a 29 38 0 444730 1474
a 29 47 0 444730 1498
a 29 33 0 444730 20
a 29 32 0 444730 5
a 29 31 0 444730 74
a 29 30 0 444730 13
a 28 29 0 444730 11
a 11 29 0 444730 338045
a 30 34 0 769119 1
a 30 41 0 444730 1456
a 30 44 0 444730 16084
a 30 33 0 444730 14
a 30 32 0 444730 21
a 30 31 0 444730 64
a 29 30 0 444730 14
a 28 30 0 444730 17
a 7 30 0 444730 35635
a 31 34 0 769119 1
a 31 45 0 444730 13079
a 31 33 0 444730 15
a 31 32 0 444730 39
a 30 31 0 444730 16
a 29 31 0 444730 13
a 28 31 0 444730 15
a 25 31 0 444730 758666
a 32 34 0 769119 1
a 32 47 0 444730 1268
a 32 33 0 444730 34
a 31 32 0 444730 21
a 30 32 0 444730 16
a 29 32 0 444730 6
a 28 32 0 444730 19
a 14 32 0 444730 424389
a 12 32 0 444730 335595
a 33 34 0 769119 1
a 33 45 0 444730 13842
a 32 33 0 444730 17
a 31 33 0 444730 12
a 30 33 0 444730 19
a 29 33 0 444730 11
a 28 33 0 444730 17
a 3 33 0 444730 355054
a 33 34 0 769119 1
a 32 34 0 769119 1
a 31 34 0 769119 1
a 30 34 0 769119 1
a 29 34 0 769119 1
a 28 34 0 769119 1
a 35 38 0 444730 562980
a 35 37 0 769119 1
a 35 46 0 444730 2026
a 35 36 0 769119 24
a 18 35 0 444730 86706
a 14 36 0 444730 140388
a 36 49 0 444730 179833
a 36 37 0 769119 2
a 35 36 0 769119 21
a 10 36 0 444730 232285
a 36 37 0 769119 2
a 35 37 0 769119 1
a 35 38 0 444730 556703
a 38 42 0 769119 1
a 38 47 0 444730 204
a 38 41 0 444730 23
a 38 40 0 444730 57
a 38 39 0 444730 88
a 29 38 0 444730 1792
a 7 38 0 444730 35347
a 12 39 0 444730 337880
a 39 42 0 769119 1
a 39 47 0 444730 194
a 39 44 0 444730 16554
a 39 41 0 444730 23
a 39 40 0 444730 39
a 38 39 0 444730 19
a 14 39 0 444730 424992
a 40 42 0 769119 2
a 40 45 0 444730 14157
a 40 41 0 444730 34
a 39 40 0 444730 29
a 38 40 0 444730 23
a 17 40 0 444730 471006
a 2 40 0 444730 370309
a 41 42 0 769119 1
a 41 47 0 444730 193
a 40 41 0 444730 21
a 39 41 0 444730 23
a 38 41 0 444730 23
a 30 41 0 444730 1461
a 20 41 0 444730 42492
a 41 42 0 769119 1
a 40 42 0 769119 2
a 39 42 0 769119 2
a 38 42 0 769119 1
a 15 43 0 444730 9760
a 1 43 0 444730 76175
a 39 44 0 444730 16516
a 30 44 0 444730 16098
a 28 44 0 444730 17511
a 40 45 0 444730 14107
a 33 45 0 444730 13231
a 31 45 0 444730 13086
a 35 46 0 444730 2091
a 18 46 0 444730 92858
a 41 47 0 444730 191
a 39 47 0 444730 194
a 38 47 0 444730 194
a 32 47 0 444730 1465
a 29 47 0 444730 1265
a 48 49 0 444730 4
a 26 48 0 444730 5
a 25 48 0 444730 3
a 27 48 0 769119 1
a 15 48 0 444730 308386
a 48 49 0 444730 4
a 26 49 0 444730 4
a 25 49 0 444730 4
a 27 49 0 769119 1
a 36 49 0 444730 167885
a 5 1 0 769119 1
a 9 1 0 444730 56488
a 43 1 0 444730 75590
a 4 1 0 444730 10
a 3 1 0 444730 12
a 2 1 0 444730 14
a 5 2 0 769119 2
a 21 2 0 444730 375845
a 40 2 0 444730 361464
a 4 2 0 444730 16
a 3 2 0 444730 16
a 2 1 0 444730 19
a 5 3 0 769119 1
a 33 3 0 444730 358639
a 17 3 0 444730 129712
a 4 3 0 444730 10
a 3 2 0 444730 19
a 3 1 0 444730 14
a 15 4 0 444730 73647
a 5 4 0 769119 1
a 28 4 0 444730 381118
a 4 3 0 444730 17
a 4 2 0 444730 15
a 4 1 0 444730 12
a 5 4 0 769119 1
a 5 3 0 769119 1
a 5 2 0 769119 2
a 5 1 0 769119 1
a 8 6 0 769119 1
a 21 6 0 444730 7064
a 11 6 0 444730 358061
a 7 6 0 769119 17
a 8 7 0 769119 1
a 38 7 0 444730 35424
a 30 7 0 444730 36057
a 7 6 0 769119 11
a 8 7 0 769119 1
a 8 6 0 769119 1
a 13 9 0 769119 2
a 26 9 0 444730 398186
a 12 9 0 444730 49
a 11 9 0 444730 27
a 10 9 0 444730 14
a 9 1 0 444730 59697
a 13 10 0 769119 2
a 15 10 0 444730 108447
a 36 10 0 444730 235434
a 18 10 0 444730 149790
a 12 10 0 444730 51
a 11 10 0 444730 21
a 10 9 0 444730 20
a 12 11 0 444730 17
a 13 11 0 769119 2
a 29 11 0 444730 338950
a 11 10 0 444730 27
a 11 9 0 444730 17
a 11 6 0 444730 352446
a 12 11 0 444730 19
a 39 12 0 444730 333359
a 13 12 0 769119 3
a 32 12 0 444730 330382
a 22 12 0 444730 351590
a 12 10 0 444730 29
a 12 9 0 444730 27
a 13 12 0 769119 3
a 13 11 0 769119 2
a 13 10 0 769119 2
a 13 9 0 769119 2
a 36 14 0 444730 133640
a 16 14 0 769119 1
a 32 14 0 444730 422849
a 39 14 0 444730 415850
a 15 14 0 769119 18
a 48 15 0 444730 305774
a 15 4 0 444730 75898
a 43 15 0 444730 9740
a 16 15 0 769119 1
a 15 14 0 769119 16
a 15 10 0 444730 108881
a 16 15 0 769119 1
a 16 14 0 769119 1
a 19 17 0 769119 2
a 40 17 0 444730 479007
a 18 17 0 769119 21
a 17 3 0 444730 132352
a 19 18 0 769119 1
a 35 18 0 444730 85936
a 46 18 0 444730 85331
a 18 17 0 769119 13
a 18 10 0 444730 150194
a 19 18 0 769119 1
a 19 17 0 769119 2
a 24 20 0 769119 1
a 41 20 0 444730 40208
a 23 20 0 444730 5
a 22 20 0 444730 14
a 21 20 0 444730 13
a 24 21 0 769119 1
a 23 21 0 444730 14
a 22 21 0 444730 19
a 21 20 0 444730 9
a 21 6 0 444730 7024
a 21 2 0 444730 398068
a 24 22 0 769119 1
a 23 22 0 444730 16
a 22 21 0 444730 11
a 22 20 0 444730 16
a 22 12 0 444730 353686
a 24 23 0 769119 1
a 28 23 0 444730 40427
a 23 22 0 444730 30
a 23 21 0 444730 7
a 23 20 0 444730 7
a 24 23 0 769119 1
a 24 22 0 769119 1
a 24 21 0 769119 1
a 24 20 0 769119 1
a 26 25 0 444730 5
a 48 25 0 444730 4
a 49 25 0 444730 4
a 27 25 0 769119 1
a 31 25 0 444730 754343
a 26 25 0 444730 4
a 48 26 0 444730 11
a 49 26 0 444730 6
a 27 26 0 769119 1
a 26 9 0 444730 411424
a 48 27 0 769119 1
a 49 27 0 769119 1
a 27 26 0 769119 1
a 27 25 0 769119 1
a 34 28 0 769119 1
a 44 28 0 444730 16039
a 33 28 0 444730 13
a 32 28 0 444730 45
a 31 28 0 444730 20
a 30 28 0 444730 15
a 29 28 0 444730 19
a 28 23 0 444730 40657
a 28 4 0 444730 368337
a 34 29 0 769119 1
a 38 29 0 444730 1474
a 47 29 0 444730 1498
a 33 29 0 444730 20
a 32 29 0 444730 5
a 31 29 0 444730 74
a 30 29 0 444730 13
a 29 28 0 444730 11
a 29 11 0 444730 338045
a 34 30 0 769119 1
a 41 30 0 444730 1456
a 44 30 0 444730 16084
a 33 30 0 444730 14
a 32 30 0 444730 21
a 31 30 0 444730 64
a 30 29 0 444730 14
a 30 28 0 444730 17
a 30 7 0 444730 35635
a 34 31 0 769119 1
a 45 31 0 444730 13079
a 33 31 0 444730 15
a 32 31 0 444730 39
a 31 30 0 444730 16
a 31 29 0 444730 13
a 31 28 0 444730 15
a 31 25 0 444730 758666
a 34 32 0 769119 1
a 47 32 0 444730 1268
a 33 32 0 444730 34
a 32 31 0 444730 21
a 32 30 0 444730 16
a 32 29 0 444730 6
a 32 28 0 444730 19
a 32 14 0 444730 424389
a 32 12 0 444730 335595
a 34 33 0 769119 1
a 45 33 0 444730 13842
a 33 32 0 444730 17
a 33 31 0 444730 12
a 33 30 0 444730 19
a 33 29 0 444730 11
a 33 28 0 444730 17
a 33 3 0 444730 355054
a 34 33 0 769119 1
a 34 32 0 769119 1
a 34 31 0 769119 1
a 34 30 0 769119 1
a 34 29 0 769119 1
a 34 28 0 769119 1
a 38 35 0 444730 562980
a 37 35 0 769119 1
a 46 35 0 444730 2026
a 36 35 0 769119 24
a 35 18 0 444730 86706
a 36 14 0 444730 140388
a 49 36 0 444730 179833
a 37 36 0 769119 2
a 36 35 0 769119 21
a 36 10 0 444730 232285
a 37 36 0 769119 2
a 37 35 0 769119 1
a 38 35 0 444730 556703
a 42 38 0 769119 1
a 47 38 0 444730 204
a 41 38 0 444730 23
a 40 38 0 444730 57
a 39 38 0 444730 88
a 38 29 0 444730 1792
a 38 7 0 444730 35347
a 39 12 0 444730 337880
a 42 39 0 769119 1
a 47 39 0 444730 194
a 44 39 0 444730 16554
a 41 39 0 444730 23
a 40 39 0 444730 39
a 39 38 0 444730 19
a 39 14 0 444730 424992
a 42 40 0 769119 2
a 45 40 0 444730 14157
a 41 40 0 444730 34
a 40 39 0 444730 29
a 40 38 0 444730 23
a 40 17 0 444730 471006
a 40 2 0 444730 370309
a 42 41 0 769119 1
a 47 41 0 444730 193
a 41 40 0 444730 21
a 41 39 0 444730 23
a 41 38 0 444730 23
a 41 30 0 444730 1461
a 41 20 0 444730 42492
a 42 41 0 769119 1
a 42 40 0 769119 2
a 42 39 0 769119 2
a 42 38 0 769119 1
a 43 15 0 444730 9760
a 43 1 0 444730 76175
a 44 39 0 444730 16516
a 44 30 0 444730 16098
a 44 28 0 444730 17511
a 45 40 0 444730 14107
a 45 33 0 444730 13231
a 45 31 0 444730 13086
a 46 35 0 444730 2091
a 46 18 0 444730 92858
a 47 41 0 444730 191
a 47 39 0 444730 194
a 47 38 0 444730 194
a 47 32 0 444730 1465
a 47 29 0 444730 1265
a 49 48 0 444730 4
a 48 26 0 444730 5
a 48 25 0 444730 3
a 48 27 0 769119 1
a 48 15 0 444730 308386
a 49 48 0 444730 4
a 49 26 0 444730 4
a 49 25 0 444730 4
a 49 27 0 769119 1
a 49 36 0 444730 167885

