c 1160 msec
p min 49 520
n 26 -769076
n 27 30492
n 28 30492
n 29 30492
n 30 30492
n 31 30492
n 32 30492
n 34 33880
n 35 37268
n 37 50820
n 38 47432
n 39 47432
n 40 47432
n 42 20328
n 43 115192
n 44 37268
n 45 23716
n 46 125356
a 1 5 0 769076 1151
a 1 9 0 256215 140934
a 1 43 0 256215 163203
a 1 4 0 256215 3324
a 1 3 0 256215 3569
a 1 2 0 256215 3500
a 2 5 0 769076 1214
a 2 21 0 256215 401789
a 2 40 0 256215 305129
a 2 4 0 256215 3576
a 2 3 0 256215 3627
a 1 2 0 256215 3983
a 3 5 0 769076 1126
a 3 33 0 256215 292924
a 3 17 0 256215 163694
a 3 4 0 256215 2888
a 2 3 0 256215 3674
a 1 3 0 256215 3476
a 4 15 0 256215 138267
a 4 5 0 769076 1136
a 4 28 0 256215 295759
a 3 4 0 256215 2988
a 2 4 0 256215 3712
a 1 4 0 256215 3685
a 4 5 0 769076 1135
a 3 5 0 769076 1132
a 2 5 0 769076 1212
a 1 5 0 769076 1155
a 6 8 0 769076 1014
a 6 21 0 256215 46991
a 6 11 0 256215 358403
a 6 7 0 512430 3705
a 7 8 0 769076 1068
a 7 38 0 256215 100168
a 7 30 0 256215 107129
a 6 7 0 512430 3714
a 7 8 0 769076 1071
a 6 8 0 769076 1016
a 9 13 0 769076 1230
a 9 26 0 256215 448369
a 9 12 0 256215 4842
a 9 11 0 256215 4929
a 9 10 0 256215 3799
a 1 9 0 256215 143571
a 10 13 0 769076 1331
a 10 15 0 256215 144852
a 10 36 0 256215 292247
a 10 18 0 256215 175976
a 10 12 0 256215 5012
a 10 11 0 256215 5331
a 9 10 0 256215 3895
a 11 12 0 256215 3768
a 11 13 0 769076 1293
a 11 29 0 256215 281668
a 10 11 0 256215 4521
a 9 11 0 256215 4302
a 6 11 0 256215 357100
a 11 12 0 256215 3612
a 12 39 0 256215 290312
a 12 13 0 769076 1524
a 12 32 0 256215 284636
a 12 22 0 256215 392730
a 10 12 0 256215 4383
a 9 12 0 256215 4472
a 12 13 0 769076 1530
a 11 13 0 769076 1293
a 10 13 0 769076 1331
a 9 13 0 769076 1227
a 14 36 0 256215 169828
a 14 16 0 769076 1111
a 14 32 0 256215 414554
a 14 39 0 256215 409167
a 14 15 0 512430 4478
a 15 48 0 256215 313889
a 4 15 0 256215 141975
a 15 43 0 256215 69378
a 15 16 0 769076 1098
a 14 15 0 512430 3971
a 10 15 0 256215 147304
a 15 16 0 769076 1099
a 14 16 0 769076 1112
a 17 19 0 769076 1225
a 17 40 0 256215 436469
a 17 18 0 512430 4359
a 3 17 0 256215 171024
a 18 19 0 769076 1144
a 18 35 0 256215 128426
a 18 46 0 256215 155284
a 17 18 0 512430 3271
a 10 18 0 256215 176088
a 18 19 0 769076 1144
a 17 19 0 769076 1226
a 20 24 0 769076 984
a 20 41 0 256215 138316
a 20 23 0 256215 2317
a 20 22 0 256215 3275
a 20 21 0 256215 3744
a 21 24 0 769076 1005
a 21 23 0 256215 3818
a 21 22 0 256215 4169
a 20 21 0 256215 2708
a 6 21 0 256215 47320
a 2 21 0 256215 395564
a 22 24 0 769076 977
a 22 23 0 256215 3777
a 21 22 0 256215 3433
a 20 22 0 256215 3282
a 12 22 0 256215 399493
a 23 24 0 769076 995
a 23 28 0 256215 137969
a 22 23 0 256215 3920
a 21 23 0 256215 3200
a 20 23 0 256215 2338
a 23 24 0 769076 995
a 22 24 0 769076 977
a 21 24 0 769076 1006
a 20 24 0 769076 990
a 25 26 0 256215 2773
a 25 48 0 256215 1941
a 25 49 0 256215 1978
a 25 27 0 769076 1044
a 25 31 0 256215 758666
a 25 26 0 256215 2521
a 26 48 0 256215 2185
a 26 49 0 256215 2400
a 26 27 0 769076 998
a 9 26 0 256215 448206
a 27 48 0 769076 997
a 27 49 0 769076 978
a 26 27 0 769076 999
a 25 27 0 769076 1036
a 28 34 0 769076 1070
a 28 44 0 256215 79990
a 28 33 0 256215 3309
a 28 32 0 256215 4044
a 28 31 0 256215 3948
a 28 30 0 256215 4283
a 28 29 0 256215 3867
a 23 28 0 256215 137351
a 4 28 0 256215 315061
a 29 34 0 769076 1038
a 29 38 0 256215 26156
a 29 47 0 256215 25887
a 29 33 0 256215 3783
a 29 32 0 256215 2047
a 29 31 0 256215 6021
a 29 30 0 256215 3650
a 28 29 0 256215 3039
a 11 29 0 256215 280583
a 30 34 0 769076 1108
a 30 41 0 256215 27685
a 30 44 0 256215 79278
a 30 33 0 256215 3683
a 30 32 0 256215 3794
a 30 31 0 256215 4884
a 29 30 0 256215 3047
a 28 30 0 256215 3144
a 7 30 0 256215 107199
a 31 34 0 769076 1048
a 31 45 0 256215 78903
a 31 33 0 256215 3821
a 31 32 0 256215 4439
a 30 31 0 256215 3796
a 29 31 0 256215 3637
a 28 31 0 256215 3263
a 25 31 0 256215 728878
a 32 34 0 769076 1131
a 32 47 0 256215 26073
a 32 33 0 256215 4364
a 31 32 0 256215 3964
a 30 32 0 256215 3667
a 29 32 0 256215 2307
a 28 32 0 256215 3337
a 14 32 0 256215 419244
a 12 32 0 256215 276498
a 33 34 0 769076 983
a 33 45 0 256215 73064
a 32 33 0 256215 3893
a 31 33 0 256215 3774
a 30 33 0 256215 3496
a 29 33 0 256215 3459
a 28 33 0 256215 3272
a 3 33 0 256215 320454
a 33 34 0 769076 983
a 32 34 0 769076 1147
a 31 34 0 769076 1048
a 30 34 0 769076 1099
a 29 34 0 769076 1034
a 28 34 0 769076 1072
a 35 38 0 256215 558769
a 35 37 0 769076 1182
a 35 46 0 256215 33162
a 35 36 0 512430 4410
a 18 35 0 256215 135670
a 14 36 0 256215 186449
a 36 49 0 256215 155631
a 36 37 0 769076 1192
a 35 36 0 512430 3766
a 10 36 0 256215 300960
a 36 37 0 769076 1194
a 35 37 0 769076 1182
a 35 38 0 256215 559739
a 38 42 0 769076 1136
a 38 47 0 256215 9453
a 38 41 0 256215 4161
a 38 40 0 256215 5334
a 38 39 0 256215 6615
a 29 38 0 256215 24618
a 7 38 0 256215 95539
a 12 39 0 256215 303067
a 39 42 0 769076 1176
a 39 47 0 256215 9530
a 39 44 0 256215 83974
a 39 41 0 256215 4248
a 39 40 0 256215 4938
a 38 39 0 256215 3652
a 14 39 0 256215 418777
a 40 42 0 769076 1301
a 40 45 0 256215 80063
a 40 41 0 256215 5607
a 39 40 0 256215 4095
a 38 40 0 256215 3857
a 17 40 0 256215 430106
a 2 40 0 256215 330080
a 41 42 0 769076 1137
a 41 47 0 256215 8907
a 40 41 0 256215 4255
a 39 41 0 256215 3934
a 38 41 0 256215 3620
a 30 41 0 256215 29750
a 20 41 0 256215 133507
a 41 42 0 769076 1140
a 40 42 0 769076 1299
a 39 42 0 769076 1177
a 38 42 0 769076 1137
a 15 43 0 256215 68965
a 1 43 0 256215 166292
a 39 44 0 256215 83446
a 30 44 0 256215 93484
a 28 44 0 256215 82786
a 40 45 0 256215 78658
a 33 45 0 256215 72850
a 31 45 0 256215 73011
a 35 46 0 256215 32981
a 18 46 0 256215 154451
a 41 47 0 256215 9216
a 39 47 0 256215 9542
a 38 47 0 256215 9438
a 32 47 0 256215 22022
a 29 47 0 256215 21951
a 48 49 0 256215 1839
a 26 48 0 256215 2110
a 25 48 0 256215 2004
a 27 48 0 769076 999
a 15 48 0 256215 310799
a 48 49 0 256215 1840
a 26 49 0 256215 1980
a 25 49 0 256215 2068
a 27 49 0 769076 978
a 36 49 0 256215 155848
a 5 1 0 769076 1151
a 9 1 0 256215 140934
a 43 1 0 256215 163203
a 4 1 0 256215 3324
a 3 1 0 256215 3569
a 2 1 0 256215 3500
a 5 2 0 769076 1214
a 21 2 0 256215 401789
a 40 2 0 256215 305129
a 4 2 0 256215 3576
a 3 2 0 256215 3627
a 2 1 0 256215 3983
a 5 3 0 769076 1126
a 33 3 0 256215 292924
a 17 3 0 256215 163694
a 4 3 0 256215 2888
a 3 2 0 256215 3674
a 3 1 0 256215 3476
a 15 4 0 256215 138267
a 5 4 0 769076 1136
a 28 4 0 256215 295759
a 4 3 0 256215 2988
a 4 2 0 256215 3712
a 4 1 0 256215 3685
a 5 4 0 769076 1135
a 5 3 0 769076 1132
a 5 2 0 769076 1212
a 5 1 0 769076 1155
a 8 6 0 769076 1014
a 21 6 0 256215 46991
a 11 6 0 256215 358403
a 7 6 0 512430 3705
a 8 7 0 769076 1068
a 38 7 0 256215 100168
a 30 7 0 256215 107129
a 7 6 0 512430 3714
a 8 7 0 769076 1071
a 8 6 0 769076 1016
a 13 9 0 769076 1230
a 26 9 0 256215 448369
a 12 9 0 256215 4842
a 11 9 0 256215 4929
a 10 9 0 256215 3799
a 9 1 0 256215 143571
a 13 10 0 769076 1331
a 15 10 0 256215 144852
a 36 10 0 256215 292247
a 18 10 0 256215 175976
a 12 10 0 256215 5012
a 11 10 0 256215 5331
a 10 9 0 256215 3895
a 12 11 0 256215 3768
a 13 11 0 769076 1293
a 29 11 0 256215 281668
a 11 10 0 256215 4521
a 11 9 0 256215 4302
a 11 6 0 256215 357100
a 12 11 0 256215 3612
a 39 12 0 256215 290312
a 13 12 0 769076 1524
a 32 12 0 256215 284636
a 22 12 0 256215 392730
a 12 10 0 256215 4383
a 12 9 0 256215 4472
a 13 12 0 769076 1530
a 13 11 0 769076 1293
a 13 10 0 769076 1331
a 13 9 0 769076 1227
a 36 14 0 256215 169828
a 16 14 0 769076 1111
a 32 14 0 256215 414554
a 39 14 0 256215 409167
a 15 14 0 512430 4478
a 48 15 0 256215 313889
a 15 4 0 256215 141975
a 43 15 0 256215 69378
a 16 15 0 769076 1098
a 15 14 0 512430 3971
a 15 10 0 256215 147304
a 16 15 0 769076 1099
a 16 14 0 769076 1112
a 19 17 0 769076 1225
a 40 17 0 256215 436469
a 18 17 0 512430 4359
a 17 3 0 256215 171024
a 19 18 0 769076 1144
a 35 18 0 256215 128426
a 46 18 0 256215 155284
a 18 17 0 512430 3271
a 18 10 0 256215 176088
a 19 18 0 769076 1144
a 19 17 0 769076 1226
a 24 20 0 769076 984
a 41 20 0 256215 138316
a 23 20 0 256215 2317
a 22 20 0 256215 3275
a 21 20 0 256215 3744
a 24 21 0 769076 1005
a 23 21 0 256215 3818
a 22 21 0 256215 4169
a 21 20 0 256215 2708
a 21 6 0 256215 47320
a 21 2 0 256215 395564
a 24 22 0 769076 977
a 23 22 0 256215 3777
a 22 21 0 256215 3433
a 22 20 0 256215 3282
a 22 12 0 256215 399493
a 24 23 0 769076 995
a 28 23 0 256215 137969
a 23 22 0 256215 3920
a 23 21 0 256215 3200
a 23 20 0 256215 2338
a 24 23 0 769076 995
a 24 22 0 769076 977
a 24 21 0 769076 1006
a 24 20 0 769076 990
a 26 25 0 256215 2773
a 48 25 0 256215 1941
a 49 25 0 256215 1978
a 27 25 0 769076 1044
a 31 25 0 256215 758666
a 26 25 0 256215 2521
a 48 26 0 256215 2185
a 49 26 0 256215 2400
a 27 26 0 769076 998
a 26 9 0 256215 448206
a 48 27 0 769076 997
a 49 27 0 769076 978
a 27 26 0 769076 999
a 27 25 0 769076 1036
a 34 28 0 769076 1070
a 44 28 0 256215 79990
a 33 28 0 256215 3309
a 32 28 0 256215 4044
a 31 28 0 256215 3948
a 30 28 0 256215 4283
a 29 28 0 256215 3867
a 28 23 0 256215 137351
a 28 4 0 256215 315061
a 34 29 0 769076 1038
a 38 29 0 256215 26156
a 47 29 0 256215 25887
a 33 29 0 256215 3783
a 32 29 0 256215 2047
a 31 29 0 256215 6021
a 30 29 0 256215 3650
a 29 28 0 256215 3039
a 29 11 0 256215 280583
a 34 30 0 769076 1108
a 41 30 0 256215 27685
a 44 30 0 256215 79278
a 33 30 0 256215 3683
a 32 30 0 256215 3794
a 31 30 0 256215 4884
a 30 29 0 256215 3047
a 30 28 0 256215 3144
a 30 7 0 256215 107199
a 34 31 0 769076 1048
a 45 31 0 256215 78903
a 33 31 0 256215 3821
a 32 31 0 256215 4439
a 31 30 0 256215 3796
a 31 29 0 256215 3637
a 31 28 0 256215 3263
a 31 25 0 256215 728878
a 34 32 0 769076 1131
a 47 32 0 256215 26073
a 33 32 0 256215 4364
a 32 31 0 256215 3964
a 32 30 0 256215 3667
a 32 29 0 256215 2307
a 32 28 0 256215 3337
a 32 14 0 256215 419244
a 32 12 0 256215 276498
a 34 33 0 769076 983
a 45 33 0 256215 73064
a 33 32 0 256215 3893
a 33 31 0 256215 3774
a 33 30 0 256215 3496
a 33 29 0 256215 3459
a 33 28 0 256215 3272
a 33 3 0 256215 320454
a 34 33 0 769076 983
a 34 32 0 769076 1147
a 34 31 0 769076 1048
a 34 30 0 769076 1099
a 34 29 0 769076 1034
a 34 28 0 769076 1072
a 38 35 0 256215 558769
a 37 35 0 769076 1182
a 46 35 0 256215 33162
a 36 35 0 512430 4410
a 35 18 0 256215 135670
a 36 14 0 256215 186449
a 49 36 0 256215 155631
a 37 36 0 769076 1192
a 36 35 0 512430 3766
a 36 10 0 256215 300960
a 37 36 0 769076 1194
a 37 35 0 769076 1182
a 38 35 0 256215 559739
a 42 38 0 769076 1136
a 47 38 0 256215 9453
a 41 38 0 256215 4161
a 40 38 0 256215 5334
a 39 38 0 256215 6615
a 38 29 0 256215 24618
a 38 7 0 256215 95539
a 39 12 0 256215 303067
a 42 39 0 769076 1176
a 47 39 0 256215 9530
a 44 39 0 256215 83974
a 41 39 0 256215 4248
a 40 39 0 256215 4938
a 39 38 0 256215 3652
a 39 14 0 256215 418777
a 42 40 0 769076 1301
a 45 40 0 256215 80063
a 41 40 0 256215 5607
a 40 39 0 256215 4095
a 40 38 0 256215 3857
a 40 17 0 256215 430106
a 40 2 0 256215 330080
a 42 41 0 769076 1137
a 47 41 0 256215 8907
a 41 40 0 256215 4255
a 41 39 0 256215 3934
a 41 38 0 256215 3620
a 41 30 0 256215 29750
a 41 20 0 256215 133507
a 42 41 0 769076 1140
a 42 40 0 769076 1299
a 42 39 0 769076 1177
a 42 38 0 769076 1137
a 43 15 0 256215 68965
a 43 1 0 256215 166292
a 44 39 0 256215 83446
a 44 30 0 256215 93484
a 44 28 0 256215 82786
a 45 40 0 256215 78658
a 45 33 0 256215 72850
a 45 31 0 256215 73011
a 46 35 0 256215 32981
a 46 18 0 256215 154451
a 47 41 0 256215 9216
a 47 39 0 256215 9542
a 47 38 0 256215 9438
a 47 32 0 256215 22022
a 47 29 0 256215 21951
a 49 48 0 256215 1839
a 48 26 0 256215 2110
a 48 25 0 256215 2004
a 48 27 0 769076 999
a 48 15 0 256215 310799
a 49 48 0 256215 1840
a 49 26 0 256215 1980
a 49 25 0 256215 2068
a 49 27 0 769076 978
a 49 36 0 256215 155848

